0.08796,0.0,0.0
0.10577,0.0,0.0
0.12357,0.0,0.0
0.14138,0.0,0.0
0.15919,0.0,0.0
0.17699,0.0,0.0
0.1948,0.0,0.0
0.2126,0.0,0.0
0.23041,0.0,0.0
0.24821,0.0,0.0
0.26602,0.0,0.0
0.28383,0.0,0.0
0.30163,0.0,0.0
0.31944,0.0,0.0
0.33724,0.0,0.0
0.35505,0.0,0.0
0.37285,0.0,0.0
0.39066,0.0,0.0
0.40847,0.0,0.0
0.42627,0.0,0.0
0.44408,0.0,0.0
0.46188,0.0,0.0
0.47969,0.0,0.0
0.49749,0.0,0.0
0.5153,0.0,0.0
0.53311,0.0,0.0
0.55091,0.0,0.0
0.56872,0.0,0.0
0.58652,0.0,0.0
0.60433,0.0,0.0
0.62213,0.0,0.0
0.63994,0.0,0.0
0.65775,0.0,0.0
0.67555,0.0,0.0
0.69336,0.0,0.0
0.71116,0.0,0.0
0.72897,0.0,0.0
0.74677,0.0,0.0
0.76458,0.0,0.0
0.78238,0.0,0.0
0.06805,0.0,0.02564
0.08837,0.0638,0.02564
0.10868,0.11826,0.02564
0.129,0.16363,0.02564
0.14932,0.20017,0.02564
0.16964,0.22815,0.02564
0.18996,0.24781,0.02564
0.21027,0.25942,0.02564
0.23059,0.26324,0.02564
0.24941,0.26324,0.02564
0.26823,0.26324,0.02564
0.28704,0.26324,0.02564
0.30586,0.26324,0.02564
0.32468,0.26324,0.02564
0.34349,0.26324,0.02564
0.36231,0.26324,0.02564
0.38113,0.26324,0.02564
0.39995,0.26324,0.02564
0.41876,0.26324,0.02564
0.43758,0.26324,0.02564
0.4564,0.26324,0.02564
0.47521,0.26324,0.02564
0.49403,0.26324,0.02564
0.51285,0.26324,0.02564
0.53166,0.26324,0.02564
0.55048,0.26324,0.02564
0.5693,0.26324,0.02564
0.58811,0.26324,0.02564
0.60693,0.26324,0.02564
0.62575,0.26324,0.02564
0.64669,0.2606,0.02564
0.66763,0.2527,0.02564
0.68857,0.23954,0.02564
0.70952,0.22111,0.02564
0.73046,0.19743,0.02564
0.7514,0.16847,0.02564
0.77234,0.13425,0.02564
0.79328,0.09477,0.02564
0.81422,0.05001,0.02564
0.83516,0.0,0.02564
0.0598,0.0,0.05128
0.08118,0.07387,0.05128
0.10256,0.14423,0.05128
0.12394,0.20914,0.05128
0.14531,0.26664,0.05128
0.16669,0.31477,0.05128
0.18807,0.35159,0.05128
0.20945,0.3751,0.05128
0.23083,0.38337,0.05128
0.25033,0.38337,0.05128
0.26983,0.38337,0.05128
0.28933,0.38337,0.05128
0.30883,0.38337,0.05128
0.32833,0.38337,0.05128
0.34782,0.38337,0.05128
0.36732,0.38337,0.05128
0.38682,0.38337,0.05128
0.40632,0.38337,0.05128
0.42582,0.38337,0.05128
0.44532,0.38337,0.05128
0.46482,0.38337,0.05128
0.48432,0.38337,0.05128
0.50382,0.38337,0.05128
0.52332,0.38337,0.05128
0.54282,0.38337,0.05128
0.56232,0.38337,0.05128
0.58182,0.38337,0.05128
0.60131,0.38337,0.05128
0.62081,0.38337,0.05128
0.64229,0.38021,0.05128
0.66376,0.37071,0.05128
0.68524,0.35486,0.05128
0.70671,0.33268,0.05128
0.72818,0.30417,0.05128
0.74966,0.26932,0.05128
0.77113,0.22812,0.05128
0.7926,0.18059,0.05128
0.81408,0.12673,0.05128
0.83555,0.06654,0.05128
0.85703,0.0,0.05128
0.05347,0.0,0.07692
0.07566,0.08346,0.07692
0.09785,0.16949,0.07692
0.12005,0.25387,0.07692
0.14224,0.33237,0.07692
0.16443,0.40076,0.07692
0.18662,0.45485,0.07692
0.20881,0.4904,0.07692
0.231,0.50319,0.07692
0.25127,0.50319,0.07692
0.27154,0.50319,0.07692
0.29181,0.50319,0.07692
0.31207,0.50319,0.07692
0.33234,0.50319,0.07692
0.35261,0.50319,0.07692
0.37287,0.50319,0.07692
0.39314,0.50319,0.07692
0.41341,0.50319,0.07692
0.43368,0.50319,0.07692
0.45394,0.50319,0.07692
0.47421,0.50319,0.07692
0.49448,0.50319,0.07692
0.51475,0.50319,0.07692
0.53501,0.50319,0.07692
0.55528,0.50319,0.07692
0.57555,0.50319,0.07692
0.59581,0.50319,0.07692
0.61608,0.50319,0.07692
0.63756,0.49969,0.07692
0.65903,0.4892,0.07692
0.68051,0.47173,0.07692
0.70199,0.44727,0.07692
0.72346,0.41582,0.07692
0.74494,0.37739,0.07692
0.76642,0.33196,0.07692
0.78789,0.27955,0.07692
0.80937,0.22014,0.07692
0.83085,0.15375,0.07692
0.85233,0.08037,0.07692
0.8738,0.0,0.07692
0.04813,0.0,0.10256
0.071,0.09288,0.10256
0.09388,0.19448,0.10256
0.11675,0.29831,0.10256
0.13962,0.39784,0.10256
0.1625,0.48659,0.10256
0.18537,0.55803,0.10256
0.20824,0.60567,0.10256
0.23112,0.623,0.10256
0.25225,0.623,0.10256
0.27339,0.623,0.10256
0.29452,0.623,0.10256
0.31566,0.623,0.10256
0.33679,0.623,0.10256
0.35793,0.623,0.10256
0.37906,0.623,0.10256
0.4002,0.623,0.10256
0.42133,0.623,0.10256
0.44247,0.623,0.10256
0.4636,0.623,0.10256
0.48474,0.623,0.10256
0.50587,0.623,0.10256
0.52701,0.623,0.10256
0.54815,0.623,0.10256
0.56928,0.623,0.10256
0.59042,0.623,0.10256
0.61155,0.623,0.10256
0.63281,0.6193,0.10256
0.65407,0.60825,0.10256
0.67533,0.58982,0.10256
0.6966,0.56401,0.10256
0.71786,0.53084,0.10256
0.73912,0.49028,0.10256
0.76038,0.44237,0.10256
0.78164,0.38707,0.10256
0.8029,0.3244,0.10256
0.82416,0.25436,0.10256
0.84542,0.17695,0.10256
0.86668,0.09216,0.10256
0.88794,0.0,0.10256
0.04343,0.0,0.1282
0.0669,0.10222,0.1282
0.09036,0.21937,0.1282
0.11383,0.34264,0.1282
0.1373,0.46323,0.1282
0.16076,0.57233,0.1282
0.18423,0.66118,0.1282
0.2077,0.72092,0.1282
0.23116,0.7428,0.1282
0.25206,0.7428,0.1282
0.27295,0.7428,0.1282
0.29384,0.7428,0.1282
0.31473,0.7428,0.1282
0.33562,0.7428,0.1282
0.35652,0.7428,0.1282
0.37741,0.7428,0.1282
0.3983,0.7428,0.1282
0.41919,0.7428,0.1282
0.44009,0.7428,0.1282
0.46098,0.7428,0.1282
0.48187,0.7428,0.1282
0.50276,0.7428,0.1282
0.52366,0.7428,0.1282
0.54455,0.7428,0.1282
0.56544,0.7428,0.1282
0.58633,0.7428,0.1282
0.60723,0.7428,0.1282
0.62978,0.73841,0.1282
0.65233,0.72522,0.1282
0.67488,0.70324,0.1282
0.69743,0.67247,0.1282
0.71999,0.63291,0.1282
0.74254,0.58458,0.1282
0.76509,0.52743,0.1282
0.78764,0.4615,0.1282
0.81019,0.38679,0.1282
0.83275,0.30327,0.1282
0.8553,0.21098,0.1282
0.87785,0.10988,0.1282
0.9004,0.0,0.1282
0.03918,0.0,0.15384
0.06318,0.11152,0.15384
0.08717,0.24419,0.15384
0.11117,0.38691,0.15384
0.13516,0.52856,0.15384
0.15916,0.65805,0.15384
0.18316,0.7643,0.15384
0.20715,0.83618,0.15384
0.23115,0.86261,0.15384
0.25303,0.86261,0.15384
0.27491,0.86261,0.15384
0.29679,0.86261,0.15384
0.31867,0.86261,0.15384
0.34055,0.86261,0.15384
0.36243,0.86261,0.15384
0.38431,0.86261,0.15384
0.40618,0.86261,0.15384
0.42806,0.86261,0.15384
0.44994,0.86261,0.15384
0.47182,0.86261,0.15384
0.4937,0.86261,0.15384
0.51558,0.86261,0.15384
0.53746,0.86261,0.15384
0.55934,0.86261,0.15384
0.58122,0.86261,0.15384
0.6031,0.86261,0.15384
0.62514,0.85822,0.15384
0.64718,0.845,0.15384
0.66922,0.823,0.15384
0.69126,0.7922,0.15384
0.7133,0.75259,0.15384
0.73534,0.70418,0.15384
0.75738,0.64696,0.15384
0.77943,0.58094,0.15384
0.80146,0.50612,0.15384
0.82351,0.42251,0.15384
0.84555,0.33008,0.15384
0.86759,0.22886,0.15384
0.88963,0.11883,0.15384
0.91167,0.0,0.15384
0.03527,0.0,0.17949
0.05975,0.12067,0.17949
0.08422,0.26843,0.17949
0.1087,0.43,0.17949
0.13317,0.59205,0.17949
0.15764,0.74125,0.17949
0.18212,0.86432,0.17949
0.20659,0.94793,0.17949
0.23107,0.97875,0.17949
0.25272,0.97875,0.17949
0.27438,0.97875,0.17949
0.29603,0.97875,0.17949
0.31768,0.97875,0.17949
0.33934,0.97875,0.17949
0.36099,0.97875,0.17949
0.38264,0.97875,0.17949
0.4043,0.97875,0.17949
0.42595,0.97875,0.17949
0.44761,0.97875,0.17949
0.46926,0.97875,0.17949
0.49091,0.97875,0.17949
0.51257,0.97875,0.17949
0.53422,0.97875,0.17949
0.55587,0.97875,0.17949
0.57753,0.97875,0.17949
0.59918,0.97875,0.17949
0.62224,0.97376,0.17949
0.6453,0.95878,0.17949
0.66836,0.93381,0.17949
0.69142,0.89885,0.17949
0.71448,0.85392,0.17949
0.73754,0.79898,0.17949
0.7606,0.73406,0.17949
0.78366,0.65916,0.17949
0.80672,0.57427,0.17949
0.82978,0.47938,0.17949
0.85284,0.37452,0.17949
0.87591,0.25967,0.17949
0.89897,0.13483,0.17949
0.92203,0.0,0.17949
0.03163,0.0,0.20513
0.05655,0.1283,0.20513
0.08146,0.28717,0.20513
0.10637,0.46192,0.20513
0.13128,0.63787,0.20513
0.15619,0.8003,0.20513
0.1811,0.93453,0.20513
0.20602,1.0,0.20513
0.23093,1.0,0.20513
0.25237,1.0,0.20513
0.27381,1.0,0.20513
0.29526,1.0,0.20513
0.3167,1.0,0.20513
0.33814,1.0,0.20513
0.35959,1.0,0.20513
0.38103,1.0,0.20513
0.40247,1.0,0.20513
0.42392,1.0,0.20513
0.44536,1.0,0.20513
0.4668,1.0,0.20513
0.48825,1.0,0.20513
0.50969,1.0,0.20513
0.53113,1.0,0.20513
0.55258,1.0,0.20513
0.57402,1.0,0.20513
0.59546,1.0,0.20513
0.61948,1.0,0.20513
0.64349,1.0,0.20513
0.66751,1.0,0.20513
0.69152,0.97305,0.20513
0.71554,0.92439,0.20513
0.73955,0.86492,0.20513
0.76357,0.79466,0.20513
0.78758,0.71356,0.20513
0.81159,0.62167,0.20513
0.83561,0.51896,0.20513
0.85962,0.40543,0.20513
0.88364,0.2811,0.20513
0.90765,0.14596,0.20513
0.93167,0.0,0.20513
0.02822,0.0,0.23077
0.05353,0.13496,0.23077
0.07884,0.30234,0.23077
0.10416,0.48661,0.23077
0.12947,0.67223,0.23077
0.15478,0.84366,0.23077
0.1801,0.98535,0.23077
0.20541,1.0,0.23077
0.23072,1.0,0.23077
0.2533,1.0,0.23077
0.27587,1.0,0.23077
0.29845,1.0,0.23077
0.32103,1.0,0.23077
0.34361,1.0,0.23077
0.36618,1.0,0.23077
0.38876,1.0,0.23077
0.41134,1.0,0.23077
0.43391,1.0,0.23077
0.45649,1.0,0.23077
0.47906,1.0,0.23077
0.50164,1.0,0.23077
0.52422,1.0,0.23077
0.5468,1.0,0.23077
0.56937,1.0,0.23077
0.59195,1.0,0.23077
0.6152,1.0,0.23077
0.63845,1.0,0.23077
0.6617,1.0,0.23077
0.68495,1.0,0.23077
0.70821,0.99321,0.23077
0.73146,0.93857,0.23077
0.75471,0.87402,0.23077
0.77796,0.79952,0.23077
0.80121,0.71511,0.23077
0.82446,0.62076,0.23077
0.84772,0.51646,0.23077
0.87097,0.40225,0.23077
0.89422,0.2781,0.23077
0.91747,0.14401,0.23077
0.94072,0.0,0.23077
0.02499,0.0,0.25641
0.05067,0.14106,0.25641
0.07635,0.31542,0.25641
0.10204,0.50702,0.25641
0.12772,0.69979,0.25641
0.1534,0.8777,0.25641
0.17909,1.0,0.25641
0.20477,1.0,0.25641
0.23045,1.0,0.25641
0.25284,1.0,0.25641
0.27523,1.0,0.25641
0.29761,1.0,0.25641
0.32,1.0,0.25641
0.34238,1.0,0.25641
0.36477,1.0,0.25641
0.38716,1.0,0.25641
0.40954,1.0,0.25641
0.43193,1.0,0.25641
0.45432,1.0,0.25641
0.4767,1.0,0.25641
0.49909,1.0,0.25641
0.52148,1.0,0.25641
0.54386,1.0,0.25641
0.56625,1.0,0.25641
0.58864,1.0,0.25641
0.61268,1.0,0.25641
0.63672,1.0,0.25641
0.66077,1.0,0.25641
0.68481,1.0,0.25641
0.70885,1.0,0.25641
0.7329,0.97565,0.25641
0.75694,0.90854,0.25641
0.78098,0.83112,0.25641
0.80503,0.74335,0.25641
0.82907,0.64528,0.25641
0.85311,0.53687,0.25641
0.87716,0.41814,0.25641
0.9012,0.28908,0.25641
0.92525,0.1497,0.25641
0.94929,0.0,0.25641
0.02191,0.0,0.28205
0.04794,0.14677,0.28205
0.07396,0.327,0.28205
0.09999,0.52437,0.28205
0.12602,0.72251,0.28205
0.15204,0.90507,0.28205
0.17807,1.0,0.28205
0.20409,1.0,0.28205
0.23012,1.0,0.28205
0.25233,1.0,0.28205
0.27455,1.0,0.28205
0.29676,1.0,0.28205
0.31897,1.0,0.28205
0.34119,1.0,0.28205
0.3634,1.0,0.28205
0.38561,1.0,0.28205
0.40782,1.0,0.28205
0.43004,1.0,0.28205
0.45225,1.0,0.28205
0.47446,1.0,0.28205
0.49668,1.0,0.28205
0.51889,1.0,0.28205
0.5411,1.0,0.28205
0.56332,1.0,0.28205
0.58553,1.0,0.28205
0.61032,1.0,0.28205
0.63512,1.0,0.28205
0.65991,1.0,0.28205
0.6847,1.0,0.28205
0.7095,1.0,0.28205
0.73429,1.0,0.28205
0.75908,0.93541,0.28205
0.78388,0.8557,0.28205
0.80867,0.76534,0.28205
0.83347,0.66436,0.28205
0.85826,0.55274,0.28205
0.88305,0.4305,0.28205
0.90785,0.29763,0.28205
0.93264,0.15414,0.28205
0.95743,0.0,0.28205
0.01897,0.0,0.30769
0.04532,0.15219,0.30769
0.07166,0.33745,0.30769
0.09801,0.53934,0.30769
0.12435,0.7414,0.30769
0.15069,0.92719,0.30769
0.17704,1.0,0.30769
0.20338,1.0,0.30769
0.22972,1.0,0.30769
0.25325,1.0,0.30769
0.27678,1.0,0.30769
0.3003,1.0,0.30769
0.32383,1.0,0.30769
0.34736,1.0,0.30769
0.37088,1.0,0.30769
0.39441,1.0,0.30769
0.41794,1.0,0.30769
0.44146,1.0,0.30769
0.46499,1.0,0.30769
0.48852,1.0,0.30769
0.51204,1.0,0.30769
0.53557,1.0,0.30769
0.5591,1.0,0.30769
0.58262,1.0,0.30769
0.60653,1.0,0.30769
0.63045,1.0,0.30769
0.65436,1.0,0.30769
0.67827,1.0,0.30769
0.70218,1.0,0.30769
0.7261,1.0,0.30769
0.75001,0.98847,0.30769
0.77392,0.91684,0.30769
0.79783,0.83567,0.30769
0.82174,0.74494,0.30769
0.84566,0.64465,0.30769
0.86957,0.53482,0.30769
0.89348,0.41545,0.30769
0.91739,0.28651,0.30769
0.94131,0.14803,0.30769
0.96522,0.0,0.30769
0.01616,0.0,0.33333
0.0428,0.15737,0.33333
0.06943,0.34694,0.33333
0.09607,0.55229,0.33333
0.12271,0.75707,0.33333
0.14935,0.94488,0.33333
0.17599,1.0,0.33333
0.20263,1.0,0.33333
0.22927,1.0,0.33333
0.25264,1.0,0.33333
0.27602,1.0,0.33333
0.2994,1.0,0.33333
0.32277,1.0,0.33333
0.34615,1.0,0.33333
0.36953,1.0,0.33333
0.3929,1.0,0.33333
0.41628,1.0,0.33333
0.43966,1.0,0.33333
0.46303,1.0,0.33333
0.48641,1.0,0.33333
0.50979,1.0,0.33333
0.53317,1.0,0.33333
0.55654,1.0,0.33333
0.57992,1.0,0.33333
0.60447,1.0,0.33333
0.62902,1.0,0.33333
0.65356,1.0,0.33333
0.67811,1.0,0.33333
0.70266,1.0,0.33333
0.72721,1.0,0.33333
0.75175,1.0,0.33333
0.7763,0.9319,0.33333
0.80085,0.84939,0.33333
0.8254,0.75717,0.33333
0.84995,0.65524,0.33333
0.87449,0.54361,0.33333
0.89904,0.42227,0.33333
0.92359,0.29122,0.33333
0.94814,0.15047,0.33333
0.97268,0.0,0.33333
0.01345,0.0,0.35897
0.04036,0.16235,0.35897
0.06727,0.35557,0.35897
0.09418,0.56348,0.35897
0.1211,0.7699,0.35897
0.14801,0.95864,0.35897
0.17492,1.0,0.35897
0.20183,1.0,0.35897
0.22874,1.0,0.35897
0.25199,1.0,0.35897
0.27523,1.0,0.35897
0.29848,1.0,0.35897
0.32172,1.0,0.35897
0.34497,1.0,0.35897
0.36821,1.0,0.35897
0.39146,1.0,0.35897
0.4147,1.0,0.35897
0.43795,1.0,0.35897
0.46119,1.0,0.35897
0.48444,1.0,0.35897
0.50768,1.0,0.35897
0.53093,1.0,0.35897
0.55417,1.0,0.35897
0.57742,1.0,0.35897
0.60257,1.0,0.35897
0.62772,1.0,0.35897
0.65288,1.0,0.35897
0.67803,1.0,0.35897
0.70318,1.0,0.35897
0.72834,1.0,0.35897
0.75349,1.0,0.35897
0.77864,0.9426,0.35897
0.8038,0.85915,0.35897
0.82895,0.76586,0.35897
0.8541,0.66276,0.35897
0.87926,0.54985,0.35897
0.90441,0.42712,0.35897
0.92956,0.29456,0.35897
0.95471,0.15219,0.35897
0.97987,0.0,0.35897
0.01105,0.0,0.38461
0.03819,0.16702,0.38461
0.06533,0.36327,0.38461
0.09247,0.57288,0.38461
0.11961,0.77998,0.38461
0.14674,0.9687,0.38461
0.17388,1.0,0.38461
0.20102,1.0,0.38461
0.22816,1.0,0.38461
0.25129,1.0,0.38461
0.27442,1.0,0.38461
0.29755,1.0,0.38461
0.32068,1.0,0.38461
0.34381,1.0,0.38461
0.36694,1.0,0.38461
0.39008,1.0,0.38461
0.41321,1.0,0.38461
0.43634,1.0,0.38461
0.45947,1.0,0.38461
0.4826,1.0,0.38461
0.50573,1.0,0.38461
0.52886,1.0,0.38461
0.55199,1.0,0.38461
0.57512,1.0,0.38461
0.60085,1.0,0.38461
0.62658,1.0,0.38461
0.65231,1.0,0.38461
0.67804,1.0,0.38461
0.70377,1.0,0.38461
0.7295,1.0,0.38461
0.75523,1.0,0.38461
0.78096,0.94931,0.38461
0.80669,0.86526,0.38461
0.83242,0.77132,0.38461
0.85815,0.66749,0.38461
0.88388,0.55377,0.38461
0.90961,0.43016,0.38461
0.93534,0.29666,0.38461
0.96107,0.15328,0.38461
0.9868,0.0,0.38461
0.0092,0.0,0.41026
0.03649,0.17127,0.41026
0.06378,0.36987,0.41026
0.09107,0.58036,0.41026
0.11836,0.78726,0.41026
0.14565,0.97509,0.41026
0.17293,1.0,0.41026
0.20022,1.0,0.41026
0.22751,1.0,0.41026
0.25219,1.0,0.41026
0.27687,1.0,0.41026
0.30155,1.0,0.41026
0.32623,1.0,0.41026
0.35091,1.0,0.41026
0.37559,1.0,0.41026
0.40027,1.0,0.41026
0.42495,1.0,0.41026
0.44963,1.0,0.41026
0.47431,1.0,0.41026
0.49899,1.0,0.41026
0.52367,1.0,0.41026
0.54835,1.0,0.41026
0.57303,1.0,0.41026
0.59776,1.0,0.41026
0.6225,1.0,0.41026
0.64723,1.0,0.41026
0.67196,1.0,0.41026
0.6967,1.0,0.41026
0.72143,1.0,0.41026
0.74617,1.0,0.41026
0.7709,0.98847,0.41026
0.79563,0.91378,0.41026
0.82037,0.83032,0.41026
0.8451,0.73806,0.41026
0.86983,0.63701,0.41026
0.89457,0.52718,0.41026
0.9193,0.40857,0.41026
0.94404,0.28116,0.41026
0.96877,0.14497,0.41026
0.9935,0.0,0.41026
0.00752,0.0,0.4359
0.03493,0.17528,0.4359
0.06234,0.37567,0.4359
0.08975,0.58623,0.4359
0.11716,0.79202,0.4359
0.14457,0.97808,0.4359
0.17198,1.0,0.4359
0.19939,1.0,0.4359
0.2268,1.0,0.4359
0.25139,1.0,0.4359
0.27599,1.0,0.4359
0.30058,1.0,0.4359
0.32518,1.0,0.4359
0.34978,1.0,0.4359
0.37437,1.0,0.4359
0.39897,1.0,0.4359
0.42356,1.0,0.4359
0.44816,1.0,0.4359
0.47275,1.0,0.4359
0.49735,1.0,0.4359
0.52195,1.0,0.4359
0.54654,1.0,0.4359
0.57114,1.0,0.4359
0.59636,1.0,0.4359
0.62159,1.0,0.4359
0.64682,1.0,0.4359
0.67205,1.0,0.4359
0.69727,1.0,0.4359
0.7225,1.0,0.4359
0.74773,1.0,0.4359
0.77296,0.98762,0.4359
0.79818,0.91301,0.4359
0.82341,0.8296,0.4359
0.84864,0.73743,0.4359
0.87386,0.63647,0.4359
0.89909,0.52673,0.4359
0.92432,0.40822,0.4359
0.94955,0.28093,0.4359
0.97477,0.14485,0.4359
1.0,0.0,0.4359
0.00601,0.0,0.46154
0.03351,0.17904,0.46154
0.06101,0.38064,0.46154
0.08851,0.59047,0.46154
0.11602,0.79424,0.46154
0.14352,0.97763,0.46154
0.17102,1.0,0.46154
0.19852,1.0,0.46154
0.22602,1.0,0.46154
0.25055,1.0,0.46154
0.27508,1.0,0.46154
0.29961,1.0,0.46154
0.32414,1.0,0.46154
0.34867,1.0,0.46154
0.37321,1.0,0.46154
0.39774,1.0,0.46154
0.42227,1.0,0.46154
0.4468,1.0,0.46154
0.47133,1.0,0.46154
0.49586,1.0,0.46154
0.52039,1.0,0.46154
0.54492,1.0,0.46154
0.56945,1.0,0.46154
0.59449,1.0,0.46154
0.61952,1.0,0.46154
0.64456,1.0,0.46154
0.6696,1.0,0.46154
0.69464,1.0,0.46154
0.71967,1.0,0.46154
0.74471,1.0,0.46154
0.76975,0.98825,0.46154
0.79478,0.91541,0.46154
0.81982,0.834,0.46154
0.84486,0.74402,0.46154
0.8699,0.64546,0.46154
0.89493,0.53834,0.46154
0.91997,0.42265,0.46154
0.94501,0.29839,0.46154
0.97005,0.16555,0.46154
0.99508,0.02416,0.46154
0.00467,0.0,0.48718
0.03223,0.18256,0.48718
0.05979,0.38478,0.48718
0.08736,0.5931,0.48718
0.11492,0.79395,0.48718
0.14249,0.97378,0.48718
0.17005,1.0,0.48718
0.19762,1.0,0.48718
0.22518,1.0,0.48718
0.24967,1.0,0.48718
0.27415,1.0,0.48718
0.29864,1.0,0.48718
0.32312,1.0,0.48718
0.34761,1.0,0.48718
0.37209,1.0,0.48718
0.39657,1.0,0.48718
0.42106,1.0,0.48718
0.44554,1.0,0.48718
0.47003,1.0,0.48718
0.49451,1.0,0.48718
0.519,1.0,0.48718
0.54348,1.0,0.48718
0.56796,1.0,0.48718
0.59267,1.0,0.48718
0.61737,1.0,0.48718
0.64207,1.0,0.48718
0.66677,1.0,0.48718
0.69147,1.0,0.48718
0.71617,1.0,0.48718
0.74088,1.0,0.48718
0.76558,1.0,0.48718
0.79028,0.93674,0.48718
0.81498,0.86291,0.48718
0.83968,0.78132,0.48718
0.86439,0.69195,0.48718
0.88909,0.59481,0.48718
0.91379,0.4899,0.48718
0.93849,0.37721,0.48718
0.96319,0.25675,0.48718
0.98789,0.12853,0.48718
0.00349,0.0,0.51282
0.02802,0.16425,0.51282
0.05256,0.34281,0.51282
0.07709,0.52672,0.51282
0.10162,0.70697,0.51282
0.12615,0.8746,0.51282
0.15069,1.0,0.51282
0.17522,1.0,0.51282
0.19975,1.0,0.51282
0.22428,1.0,0.51282
0.24874,1.0,0.51282
0.2732,1.0,0.51282
0.29765,1.0,0.51282
0.32211,1.0,0.51282
0.34657,1.0,0.51282
0.37102,1.0,0.51282
0.39548,1.0,0.51282
0.41994,1.0,0.51282
0.4444,1.0,0.51282
0.46885,1.0,0.51282
0.49331,1.0,0.51282
0.51777,1.0,0.51282
0.54222,1.0,0.51282
0.56668,1.0,0.51282
0.59256,1.0,0.51282
0.61843,1.0,0.51282
0.64431,1.0,0.51282
0.67019,1.0,0.51282
0.69606,1.0,0.51282
0.72194,1.0,0.51282
0.74782,1.0,0.51282
0.77369,0.98771,0.51282
0.79957,0.92092,0.51282
0.82545,0.84628,0.51282
0.85132,0.76376,0.51282
0.8772,0.6734,0.51282
0.90308,0.57518,0.51282
0.92895,0.46909,0.51282
0.95483,0.35516,0.51282
0.98071,0.23337,0.51282
0.00249,0.0,0.53846
0.02702,0.16738,0.53846
0.05156,0.34671,0.53846
0.0761,0.52952,0.53846
0.10063,0.70739,0.53846
0.12517,0.87186,0.53846
0.14971,1.0,0.53846
0.17424,1.0,0.53846
0.19878,1.0,0.53846
0.22332,1.0,0.53846
0.24777,1.0,0.53846
0.27221,1.0,0.53846
0.29666,1.0,0.53846
0.32111,1.0,0.53846
0.34556,1.0,0.53846
0.37001,1.0,0.53846
0.39446,1.0,0.53846
0.41891,1.0,0.53846
0.44336,1.0,0.53846
0.46781,1.0,0.53846
0.49226,1.0,0.53846
0.5167,1.0,0.53846
0.54115,1.0,0.53846
0.5656,1.0,0.53846
0.5911,1.0,0.53846
0.61659,1.0,0.53846
0.64209,1.0,0.53846
0.66758,1.0,0.53846
0.69308,1.0,0.53846
0.71857,1.0,0.53846
0.74407,1.0,0.53846
0.76956,1.0,0.53846
0.79506,0.94567,0.53846
0.82055,0.87971,0.53846
0.84605,0.80681,0.53846
0.87154,0.72698,0.53846
0.89704,0.64019,0.53846
0.92253,0.54647,0.53846
0.94802,0.44581,0.53846
0.97352,0.33819,0.53846
0.00165,0.0,0.5641
0.02617,0.17045,0.5641
0.05068,0.3505,0.5641
0.0752,0.53223,0.5641
0.09971,0.70771,0.5641
0.12423,0.86905,0.5641
0.14874,1.0,0.5641
0.17326,1.0,0.5641
0.19777,1.0,0.5641
0.22229,1.0,0.5641
0.24675,1.0,0.5641
0.27121,1.0,0.5641
0.29567,1.0,0.5641
0.32013,1.0,0.5641
0.34459,1.0,0.5641
0.36905,1.0,0.5641
0.39351,1.0,0.5641
0.41797,1.0,0.5641
0.44243,1.0,0.5641
0.46689,1.0,0.5641
0.49135,1.0,0.5641
0.51581,1.0,0.5641
0.54027,1.0,0.5641
0.56473,1.0,0.5641
0.58983,1.0,0.5641
0.61493,1.0,0.5641
0.64003,1.0,0.5641
0.66513,1.0,0.5641
0.69023,1.0,0.5641
0.71533,1.0,0.5641
0.74043,1.0,0.5641
0.76553,1.0,0.5641
0.79063,0.9695,0.5641
0.81573,0.91203,0.5641
0.84083,0.8485,0.5641
0.86593,0.77894,0.5641
0.89103,0.70332,0.5641
0.91613,0.62164,0.5641
0.94123,0.53392,0.5641
0.96633,0.44015,0.5641
0.00098,0.0,0.58974
0.02545,0.17345,0.58974
0.04992,0.35419,0.58974
0.07439,0.53481,0.58974
0.09886,0.70792,0.58974
0.12332,0.86615,0.58974
0.14779,1.0,0.58974
0.17226,1.0,0.58974
0.19673,1.0,0.58974
0.2212,1.0,0.58974
0.24569,1.0,0.58974
0.27017,1.0,0.58974
0.29467,1.0,0.58974
0.31915,1.0,0.58974
0.34364,1.0,0.58974
0.36813,1.0,0.58974
0.39262,1.0,0.58974
0.41711,1.0,0.58974
0.4416,1.0,0.58974
0.46609,1.0,0.58974
0.49058,1.0,0.58974
0.51507,1.0,0.58974
0.53956,1.0,0.58974
0.56405,1.0,0.58974
0.58875,1.0,0.58974
0.61344,1.0,0.58974
0.63813,1.0,0.58974
0.66283,1.0,0.58974
0.68752,1.0,0.58974
0.71221,1.0,0.58974
0.73691,1.0,0.58974
0.7616,1.0,0.58974
0.78629,0.97694,0.58974
0.81099,0.92411,0.58974
0.83568,0.86571,0.58974
0.86037,0.80176,0.58974
0.88507,0.73225,0.58974
0.90976,0.65717,0.58974
0.93445,0.57652,0.58974
0.95914,0.49032,0.58974
0.00049,0.0,0.61539
0.02488,0.17638,0.61539
0.04928,0.35775,0.61539
0.07367,0.53725,0.61539
0.09807,0.70801,0.61539
0.12246,0.86314,0.61539
0.14686,0.99576,0.61539
0.17125,1.0,0.61539
0.19564,1.0,0.61539
0.22004,1.0,0.61539
0.24458,1.0,0.61539
0.26912,1.0,0.61539
0.29366,1.0,0.61539
0.31819,1.0,0.61539
0.34273,1.0,0.61539
0.36727,1.0,0.61539
0.39181,1.0,0.61539
0.41635,1.0,0.61539
0.44089,1.0,0.61539
0.46543,1.0,0.61539
0.48997,1.0,0.61539
0.5145,1.0,0.61539
0.53904,1.0,0.61539
0.56358,1.0,0.61539
0.58786,1.0,0.61539
0.61213,1.0,0.61539
0.6364,1.0,0.61539
0.66068,1.0,0.61539
0.68495,1.0,0.61539
0.70922,1.0,0.61539
0.7335,1.0,0.61539
0.75777,1.0,0.61539
0.78204,0.97512,0.61539
0.80632,0.92474,0.61539
0.83059,0.86908,0.61539
0.85486,0.8081,0.61539
0.87914,0.74182,0.61539
0.90341,0.67025,0.61539
0.92768,0.59335,0.61539
0.95196,0.51117,0.61539
0.00016,0.0,0.64103
0.02445,0.17921,0.64103
0.04875,0.36119,0.64103
0.07305,0.53955,0.64103
0.09734,0.70797,0.64103
0.12164,0.86002,0.64103
0.14593,0.98938,0.64103
0.17023,1.0,0.64103
0.19453,1.0,0.64103
0.21882,1.0,0.64103
0.24343,1.0,0.64103
0.26803,1.0,0.64103
0.29264,1.0,0.64103
0.31725,1.0,0.64103
0.34185,1.0,0.64103
0.36646,1.0,0.64103
0.39107,1.0,0.64103
0.41567,1.0,0.64103
0.44028,1.0,0.64103
0.46489,1.0,0.64103
0.48949,1.0,0.64103
0.5141,1.0,0.64103
0.53871,1.0,0.64103
0.56331,1.0,0.64103
0.58716,1.0,0.64103
0.611,1.0,0.64103
0.63484,1.0,0.64103
0.65868,1.0,0.64103
0.68252,1.0,0.64103
0.70636,1.0,0.64103
0.7302,1.0,0.64103
0.75404,1.0,0.64103
0.77788,0.96764,0.64103
0.80172,0.91841,0.64103
0.82557,0.864,0.64103
0.84941,0.8044,0.64103
0.87325,0.73962,0.64103
0.89709,0.66967,0.64103
0.92093,0.59452,0.64103
0.94477,0.5142,0.64103
0.0,0.0,0.66667
0.02417,0.18195,0.66667
0.04834,0.36447,0.66667
0.07251,0.5417,0.66667
0.09668,0.70776,0.66667
0.12085,0.85679,0.66667
0.14503,0.98291,0.66667
0.1692,1.0,0.66667
0.19337,1.0,0.66667
0.21754,1.0,0.66667
0.24059,1.0,0.66667
0.26363,1.0,0.66667
0.28668,1.0,0.66667
0.30973,1.0,0.66667
0.33278,1.0,0.66667
0.35582,1.0,0.66667
0.37887,1.0,0.66667
0.40192,1.0,0.66667
0.42497,1.0,0.66667
0.44801,1.0,0.66667
0.47106,1.0,0.66667
0.49411,1.0,0.66667
0.51716,1.0,0.66667
0.5402,1.0,0.66667
0.56325,1.0,0.66667
0.58821,1.0,0.66667
0.61316,1.0,0.66667
0.63812,1.0,0.66667
0.66307,1.0,0.66667
0.68803,1.0,0.66667
0.71298,1.0,0.66667
0.73794,1.0,0.66667
0.76289,0.97704,0.66667
0.78785,0.92706,0.66667
0.81281,0.8712,0.66667
0.83776,0.80945,0.66667
0.86272,0.74184,0.66667
0.88767,0.66833,0.66667
0.91263,0.58895,0.66667
0.93758,0.50369,0.66667
1e-05,0.0,0.69231
0.02403,0.18458,0.69231
0.04805,0.36758,0.69231
0.07207,0.54365,0.69231
0.09609,0.70739,0.69231
0.12011,0.85341,0.69231
0.14413,0.97636,0.69231
0.16815,1.0,0.69231
0.19217,1.0,0.69231
0.21619,1.0,0.69231
0.23934,1.0,0.69231
0.26249,1.0,0.69231
0.28563,1.0,0.69231
0.30878,1.0,0.69231
0.33193,1.0,0.69231
0.35507,1.0,0.69231
0.37822,1.0,0.69231
0.40136,1.0,0.69231
0.42451,1.0,0.69231
0.44766,1.0,0.69231
0.4708,1.0,0.69231
0.49395,1.0,0.69231
0.5171,1.0,0.69231
0.54024,1.0,0.69231
0.56339,1.0,0.69231
0.58786,1.0,0.69231
0.61232,1.0,0.69231
0.63679,1.0,0.69231
0.66126,1.0,0.69231
0.68572,1.0,0.69231
0.71019,1.0,0.69231
0.73466,1.0,0.69231
0.75913,0.96484,0.69231
0.78359,0.91489,0.69231
0.80806,0.85905,0.69231
0.83253,0.79736,0.69231
0.85699,0.72977,0.69231
0.88146,0.65631,0.69231
0.90593,0.57698,0.69231
0.93039,0.49177,0.69231
0.00019,0.0,0.71795
0.02404,0.18708,0.71795
0.04788,0.37051,0.71795
0.07172,0.5454,0.71795
0.09557,0.70683,0.71795
0.11941,0.8499,0.71795
0.14325,0.9697,0.71795
0.1671,1.0,0.71795
0.19094,1.0,0.71795
0.21478,1.0,0.71795
0.23805,1.0,0.71795
0.26131,1.0,0.71795
0.28457,1.0,0.71795
0.30784,1.0,0.71795
0.3311,1.0,0.71795
0.35436,1.0,0.71795
0.37763,1.0,0.71795
0.40089,1.0,0.71795
0.42415,1.0,0.71795
0.44741,1.0,0.71795
0.47068,1.0,0.71795
0.49394,1.0,0.71795
0.5172,1.0,0.71795
0.54047,1.0,0.71795
0.56373,1.0,0.71795
0.58769,1.0,0.71795
0.61166,1.0,0.71795
0.63563,1.0,0.71795
0.65959,1.0,0.71795
0.68356,1.0,0.71795
0.70752,1.0,0.71795
0.73149,0.99667,0.71795
0.75545,0.95262,0.71795
0.77942,0.9027,0.71795
0.80338,0.84692,0.71795
0.82735,0.78525,0.71795
0.85131,0.71771,0.71795
0.87528,0.6443,0.71795
0.89924,0.56502,0.71795
0.92321,0.47987,0.71795
0.00054,0.0,0.74359
0.02418,0.18946,0.74359
0.04782,0.37325,0.74359
0.07146,0.54693,0.74359
0.09511,0.70607,0.74359
0.11875,0.84622,0.74359
0.14239,0.96293,0.74359
0.16603,1.0,0.74359
0.18967,1.0,0.74359
0.21331,1.0,0.74359
0.23671,1.0,0.74359
0.26011,1.0,0.74359
0.28351,1.0,0.74359
0.3069,1.0,0.74359
0.3303,1.0,0.74359
0.3537,1.0,0.74359
0.37709,1.0,0.74359
0.40049,1.0,0.74359
0.42389,1.0,0.74359
0.44729,1.0,0.74359
0.47068,1.0,0.74359
0.49408,1.0,0.74359
0.51748,1.0,0.74359
0.54088,1.0,0.74359
0.56427,1.0,0.74359
0.58772,1.0,0.74359
0.61117,1.0,0.74359
0.63462,1.0,0.74359
0.65807,1.0,0.74359
0.68152,1.0,0.74359
0.70497,1.0,0.74359
0.72842,0.98443,0.74359
0.75187,0.94041,0.74359
0.77532,0.89052,0.74359
0.79877,0.83477,0.74359
0.82222,0.77315,0.74359
0.84567,0.70565,0.74359
0.86912,0.63229,0.74359
0.89257,0.55306,0.74359
0.91602,0.46795,0.74359
0.00106,0.0,0.76923
0.02447,0.1917,0.76923
0.04788,0.37577,0.76923
0.0713,0.54822,0.76923
0.09471,0.70508,0.76923
0.11812,0.84235,0.76923
0.14154,0.95606,0.76923
0.16495,1.0,0.76923
0.18836,1.0,0.76923
0.21178,1.0,0.76923
0.23533,1.0,0.76923
0.25888,1.0,0.76923
0.28243,1.0,0.76923
0.30598,1.0,0.76923
0.32953,1.0,0.76923
0.35308,1.0,0.76923
0.37662,1.0,0.76923
0.40017,1.0,0.76923
0.42372,1.0,0.76923
0.44727,1.0,0.76923
0.47082,1.0,0.76923
0.49437,1.0,0.76923
0.51792,1.0,0.76923
0.54147,1.0,0.76923
0.56502,1.0,0.76923
0.58794,1.0,0.76923
0.61086,1.0,0.76923
0.63378,1.0,0.76923
0.6567,1.0,0.76923
0.67963,1.0,0.76923
0.70255,1.0,0.76923
0.72547,0.9722,0.76923
0.74839,0.92821,0.76923
0.77131,0.87835,0.76923
0.79423,0.82263,0.76923
0.81715,0.76104,0.76923
0.84007,0.69359,0.76923
0.86299,0.62027,0.76923
0.88591,0.54109,0.76923
0.90883,0.45605,0.76923
0.00175,0.0,0.79487
0.0249,0.19379,0.79487
0.04807,0.37806,0.79487
0.07122,0.54927,0.79487
0.09438,0.70386,0.79487
0.11754,0.8383,0.79487
0.1407,0.94903,0.79487
0.16386,1.0,0.79487
0.18702,1.0,0.79487
0.21018,1.0,0.79487
0.23242,1.0,0.79487
0.25465,1.0,0.79487
0.27689,1.0,0.79487
0.29913,1.0,0.79487
0.32136,1.0,0.79487
0.3436,1.0,0.79487
0.36584,1.0,0.79487
0.38808,1.0,0.79487
0.41031,1.0,0.79487
0.43255,1.0,0.79487
0.45479,1.0,0.79487
0.47702,1.0,0.79487
0.49926,1.0,0.79487
0.5215,1.0,0.79487
0.54373,1.0,0.79487
0.56597,1.0,0.79487
0.58995,1.0,0.79487
0.61392,1.0,0.79487
0.6379,1.0,0.79487
0.66188,1.0,0.79487
0.68585,1.0,0.79487
0.70983,0.98245,0.79487
0.73381,0.93872,0.79487
0.75778,0.88825,0.79487
0.78176,0.83105,0.79487
0.80574,0.76713,0.79487
0.82971,0.69648,0.79487
0.85369,0.61909,0.79487
0.87767,0.53498,0.79487
0.90164,0.44413,0.79487
0.0026,0.0,0.82051
0.02548,0.19571,0.82051
0.04836,0.38009,0.82051
0.07124,0.55003,0.82051
0.09412,0.70238,0.82051
0.117,0.83405,0.82051
0.13988,0.94189,0.82051
0.16276,1.0,0.82051
0.18564,1.0,0.82051
0.20852,1.0,0.82051
0.23093,1.0,0.82051
0.25334,1.0,0.82051
0.27576,1.0,0.82051
0.29817,1.0,0.82051
0.32058,1.0,0.82051
0.34299,1.0,0.82051
0.36541,1.0,0.82051
0.38782,1.0,0.82051
0.41023,1.0,0.82051
0.43265,1.0,0.82051
0.45506,1.0,0.82051
0.47747,1.0,0.82051
0.49989,1.0,0.82051
0.5223,1.0,0.82051
0.54471,1.0,0.82051
0.56713,1.0,0.82051
0.59051,1.0,0.82051
0.61389,1.0,0.82051
0.63727,1.0,0.82051
0.66065,1.0,0.82051
0.68403,1.0,0.82051
0.70741,0.9702,0.82051
0.73079,0.9265,0.82051
0.75417,0.87605,0.82051
0.77755,0.8189,0.82051
0.80093,0.75501,0.82051
0.82431,0.6844,0.82051
0.8477,0.60707,0.82051
0.87108,0.52301,0.82051
0.89446,0.43223,0.82051
0.00363,0.0,0.84616
0.0262,0.19745,0.84616
0.04878,0.38185,0.84616
0.07135,0.55048,0.84616
0.09392,0.70063,0.84616
0.1165,0.82957,0.84616
0.13907,0.93457,0.84616
0.16164,1.0,0.84616
0.18422,1.0,0.84616
0.20679,1.0,0.84616
0.2294,1.0,0.84616
0.252,1.0,0.84616
0.27461,1.0,0.84616
0.29721,1.0,0.84616
0.31982,1.0,0.84616
0.34242,1.0,0.84616
0.36503,1.0,0.84616
0.38764,1.0,0.84616
0.41024,1.0,0.84616
0.43285,1.0,0.84616
0.45545,1.0,0.84616
0.47806,1.0,0.84616
0.50066,1.0,0.84616
0.52327,1.0,0.84616
0.54588,1.0,0.84616
0.56848,1.0,0.84616
0.59125,1.0,0.84616
0.61402,1.0,0.84616
0.63679,1.0,0.84616
0.65956,1.0,0.84616
0.68233,0.99491,0.84616
0.7051,0.95796,0.84616
0.72788,0.91427,0.84616
0.75065,0.86387,0.84616
0.77342,0.80674,0.84616
0.79619,0.7429,0.84616
0.81896,0.67233,0.84616
0.84173,0.59505,0.84616
0.8645,0.51105,0.84616
0.88727,0.42032,0.84616
0.00483,0.0,0.8718
0.02707,0.199,0.8718
0.04931,0.38331,0.8718
0.07155,0.55061,0.8718
0.09379,0.69857,0.8718
0.11603,0.82484,0.8718
0.13828,0.92712,0.8718
0.16052,1.0,0.8718
0.18276,1.0,0.8718
0.205,1.0,0.8718
0.22782,1.0,0.8718
0.25063,1.0,0.8718
0.27345,1.0,0.8718
0.29626,1.0,0.8718
0.31908,1.0,0.8718
0.34189,1.0,0.8718
0.36471,1.0,0.8718
0.38752,1.0,0.8718
0.41034,1.0,0.8718
0.43315,1.0,0.8718
0.45597,1.0,0.8718
0.47878,1.0,0.8718
0.5016,1.0,0.8718
0.52441,1.0,0.8718
0.54722,1.0,0.8718
0.57004,1.0,0.8718
0.59219,1.0,0.8718
0.61433,1.0,0.8718
0.63648,1.0,0.8718
0.65862,1.0,0.8718
0.68077,0.98265,0.8718
0.70292,0.9457,0.8718
0.72506,0.90205,0.8718
0.74721,0.85168,0.8718
0.76935,0.79459,0.8718
0.7915,0.73079,0.8718
0.81364,0.66027,0.8718
0.83579,0.58303,0.8718
0.85794,0.49907,0.8718
0.88008,0.40841,0.8718
0.00619,0.0,0.89744
0.02807,0.20034,0.89744
0.04996,0.38446,0.89744
0.07184,0.5504,0.89744
0.09373,0.69618,0.89744
0.11561,0.81987,0.89744
0.1375,0.91947,0.89744
0.15938,0.99305,0.89744
0.18127,1.0,0.89744
0.20315,1.0,0.89744
0.22484,1.0,0.89744
0.24652,1.0,0.89744
0.26821,1.0,0.89744
0.28989,1.0,0.89744
0.31158,1.0,0.89744
0.33326,1.0,0.89744
0.35495,1.0,0.89744
0.37663,1.0,0.89744
0.39832,1.0,0.89744
0.42,1.0,0.89744
0.44169,1.0,0.89744
0.46337,1.0,0.89744
0.48506,1.0,0.89744
0.50675,1.0,0.89744
0.52843,1.0,0.89744
0.55012,1.0,0.89744
0.5718,1.0,0.89744
0.59496,1.0,0.89744
0.61812,1.0,0.89744
0.64128,1.0,0.89744
0.66445,0.992,0.89744
0.68761,0.95696,0.89744
0.71077,0.91415,0.89744
0.73393,0.86356,0.89744
0.75709,0.80518,0.89744
0.78025,0.739,0.89744
0.80341,0.66505,0.89744
0.82657,0.58333,0.89744
0.84973,0.49381,0.89744
0.87289,0.3965,0.89744
0.00772,0.0,0.92308
0.02923,0.20147,0.92308
0.05073,0.38527,0.92308
0.07223,0.54981,0.92308
0.09373,0.69346,0.92308
0.11523,0.81461,0.92308
0.13673,0.91165,0.92308
0.15823,0.98296,0.92308
0.17973,1.0,0.92308
0.20123,1.0,0.92308
0.22315,1.0,0.92308
0.24506,1.0,0.92308
0.26698,1.0,0.92308
0.28889,1.0,0.92308
0.3108,1.0,0.92308
0.33272,1.0,0.92308
0.35463,1.0,0.92308
0.37654,1.0,0.92308
0.39846,1.0,0.92308
0.42037,1.0,0.92308
0.44228,1.0,0.92308
0.4642,1.0,0.92308
0.48611,1.0,0.92308
0.50803,1.0,0.92308
0.52994,1.0,0.92308
0.55185,1.0,0.92308
0.57377,1.0,0.92308
0.59622,1.0,0.92308
0.61868,1.0,0.92308
0.64114,1.0,0.92308
0.66359,0.97971,0.92308
0.68605,0.9447,0.92308
0.70851,0.90192,0.92308
0.73097,0.85135,0.92308
0.75342,0.79301,0.92308
0.77588,0.72688,0.92308
0.79834,0.65298,0.92308
0.82079,0.57129,0.92308
0.84325,0.48183,0.92308
0.86571,0.38459,0.92308
0.00943,0.0,0.94872
0.03316,0.22633,0.94872
0.05688,0.42844,0.94872
0.08061,0.60449,0.94872
0.10434,0.75265,0.94872
0.12807,0.87106,0.94872
0.1518,0.95793,0.94872
0.17553,1.0,0.94872
0.19926,1.0,0.94872
0.22018,1.0,0.94872
0.24111,1.0,0.94872
0.26204,1.0,0.94872
0.28296,1.0,0.94872
0.30389,1.0,0.94872
0.32482,1.0,0.94872
0.34574,1.0,0.94872
0.36667,1.0,0.94872
0.3876,1.0,0.94872
0.40852,1.0,0.94872
0.42945,1.0,0.94872
0.45038,1.0,0.94872
0.4713,1.0,0.94872
0.49223,1.0,0.94872
0.51315,1.0,0.94872
0.53408,1.0,0.94872
0.55501,1.0,0.94872
0.57593,1.0,0.94872
0.59767,1.0,0.94872
0.61941,1.0,0.94872
0.64115,0.99464,0.94872
0.66288,0.96743,0.94872
0.68462,0.93243,0.94872
0.70636,0.88967,0.94872
0.7281,0.83914,0.94872
0.74983,0.78084,0.94872
0.77157,0.71476,0.94872
0.79331,0.64089,0.94872
0.81504,0.55927,0.94872
0.83678,0.46987,0.94872
0.85852,0.37268,0.94872
0.0113,0.0,0.97436
0.03454,0.22695,0.97436
0.05778,0.4282,0.97436
0.08102,0.60234,0.97436
0.10426,0.74797,0.97436
0.1275,0.86369,0.97436
0.15074,0.94809,0.97436
0.17398,0.99976,0.97436
0.19721,1.0,0.97436
0.21839,1.0,0.97436
0.23956,1.0,0.97436
0.26073,1.0,0.97436
0.2819,1.0,0.97436
0.30307,1.0,0.97436
0.32425,1.0,0.97436
0.34542,1.0,0.97436
0.36659,1.0,0.97436
0.38776,1.0,0.97436
0.40893,1.0,0.97436
0.4301,1.0,0.97436
0.45128,1.0,0.97436
0.47245,1.0,0.97436
0.49362,1.0,0.97436
0.51479,1.0,0.97436
0.53596,1.0,0.97436
0.55713,1.0,0.97436
0.57831,1.0,0.97436
0.59931,1.0,0.97436
0.62031,1.0,0.97436
0.64131,0.98233,0.97436
0.66231,0.95514,0.97436
0.68332,0.92018,0.97436
0.70432,0.87744,0.97436
0.72532,0.82694,0.97436
0.74632,0.76867,0.97436
0.76732,0.70263,0.97436
0.78833,0.62882,0.97436
0.80933,0.54724,0.97436
0.83033,0.45789,0.97436
0.85133,0.36078,0.97436
0.01334,0.0,1.0
0.03606,0.22727,1.0
0.05878,0.42752,1.0
0.08151,0.59975,1.0
0.10423,0.74293,1.0
0.12695,0.85605,1.0
0.14967,0.9381,1.0
0.17239,0.98808,1.0
0.19511,1.0,1.0
0.21541,1.0,1.0
0.23572,1.0,1.0
0.25602,1.0,1.0
0.27632,1.0,1.0
0.29663,1.0,1.0
0.31693,1.0,1.0
0.33724,1.0,1.0
0.35754,1.0,1.0
0.37784,1.0,1.0
0.39815,1.0,1.0
0.41845,1.0,1.0
0.43875,1.0,1.0
0.45906,1.0,1.0
0.47936,1.0,1.0
0.49967,1.0,1.0
0.51997,1.0,1.0
0.54027,1.0,1.0
0.56058,1.0,1.0
0.58088,1.0,1.0
0.60282,1.0,1.0
0.62476,0.98674,1.0
0.6467,0.96396,1.0
0.66863,0.93207,1.0
0.69057,0.89106,1.0
0.71251,0.84094,1.0
0.73445,0.78171,1.0
0.75639,0.71337,1.0
0.77833,0.63591,1.0
0.80027,0.54934,1.0
0.82221,0.45365,1.0
0.84414,0.34886,1.0
