0.19427,0.0,0.0
0.20857,0.0,0.0
0.22287,0.0,0.0
0.23717,0.0,0.0
0.25148,0.0,0.0
0.26578,0.0,0.0
0.28008,0.0,0.0
0.29438,0.0,0.0
0.30869,0.0,0.0
0.32299,0.0,0.0
0.33729,0.0,0.0
0.35159,0.0,0.0
0.36589,0.0,0.0
0.3802,0.0,0.0
0.3945,0.0,0.0
0.4088,0.0,0.0
0.4231,0.0,0.0
0.4374,0.0,0.0
0.45171,0.0,0.0
0.46601,0.0,0.0
0.48031,0.0,0.0
0.49461,0.0,0.0
0.50892,0.0,0.0
0.52322,0.0,0.0
0.53752,0.0,0.0
0.55182,0.0,0.0
0.56612,0.0,0.0
0.58043,0.0,0.0
0.59473,0.0,0.0
0.60903,0.0,0.0
0.62333,0.0,0.0
0.63764,0.0,0.0
0.65194,0.0,0.0
0.66624,0.0,0.0
0.68054,0.0,0.0
0.69484,0.0,0.0
0.70915,0.0,0.0
0.72345,0.0,0.0
0.73775,0.0,0.0
0.75205,0.0,0.0
0.17069,0.0,0.02564
0.1879,0.0198,0.02564
0.20511,0.03656,0.02564
0.22233,0.05005,0.02564
0.23953,0.05998,0.02564
0.25675,0.06612,0.02564
0.27396,0.06822,0.02564
0.28962,0.06822,0.02564
0.30529,0.06822,0.02564
0.32096,0.06822,0.02564
0.33663,0.06822,0.02564
0.3523,0.06822,0.02564
0.36797,0.06822,0.02564
0.38364,0.06822,0.02564
0.39931,0.06822,0.02564
0.41498,0.06822,0.02564
0.43065,0.06822,0.02564
0.44632,0.06822,0.02564
0.46199,0.06822,0.02564
0.47766,0.06822,0.02564
0.49456,0.06814,0.02564
0.51147,0.06788,0.02564
0.52837,0.06746,0.02564
0.54527,0.06685,0.02564
0.56218,0.06606,0.02564
0.57908,0.06509,0.02564
0.59599,0.06391,0.02564
0.61289,0.06253,0.02564
0.62979,0.06093,0.02564
0.6467,0.05908,0.02564
0.6636,0.05699,0.02564
0.68051,0.05458,0.02564
0.69741,0.05185,0.02564
0.71432,0.04873,0.02564
0.73122,0.04513,0.02564
0.74812,0.04093,0.02564
0.76503,0.03594,0.02564
0.78193,0.02974,0.02564
0.79884,0.02131,0.02564
0.81574,0.0,0.02564
0.16093,0.0,0.05128
0.17893,0.02512,0.05128
0.19694,0.05053,0.05128
0.21494,0.07406,0.05128
0.23295,0.09356,0.05128
0.25096,0.10684,0.05128
0.26896,0.11175,0.05128
0.28681,0.11175,0.05128
0.30466,0.11175,0.05128
0.32252,0.11175,0.05128
0.34037,0.11175,0.05128
0.35822,0.11175,0.05128
0.37607,0.11175,0.05128
0.39392,0.11175,0.05128
0.41177,0.11175,0.05128
0.42963,0.11175,0.05128
0.44748,0.11175,0.05128
0.46533,0.11175,0.05128
0.48318,0.11175,0.05128
0.50027,0.11162,0.05128
0.51737,0.11124,0.05128
0.53446,0.1106,0.05128
0.55155,0.1097,0.05128
0.56864,0.10854,0.05128
0.58574,0.10709,0.05128
0.60283,0.10536,0.05128
0.61992,0.10332,0.05128
0.63701,0.10097,0.05128
0.65411,0.09826,0.05128
0.6712,0.09519,0.05128
0.68829,0.09171,0.05128
0.70538,0.08776,0.05128
0.72247,0.08329,0.05128
0.73957,0.0782,0.05128
0.75666,0.07238,0.05128
0.77375,0.06561,0.05128
0.79084,0.05756,0.05128
0.80794,0.0476,0.05128
0.82503,0.03407,0.05128
0.84212,0.0,0.05128
0.15344,0.0,0.07693
0.1719,0.03022,0.07693
0.19036,0.06422,0.07693
0.20883,0.09786,0.07693
0.22729,0.127,0.07693
0.24575,0.14751,0.07693
0.26422,0.15527,0.07693
0.28291,0.15527,0.07693
0.30161,0.15527,0.07693
0.3203,0.15527,0.07693
0.339,0.15527,0.07693
0.3577,0.15527,0.07693
0.37639,0.15527,0.07693
0.39509,0.15527,0.07693
0.41379,0.15527,0.07693
0.43249,0.15527,0.07693
0.45118,0.15527,0.07693
0.46988,0.15527,0.07693
0.48858,0.15527,0.07693
0.50638,0.15509,0.07693
0.52418,0.15457,0.07693
0.54197,0.15367,0.07693
0.55977,0.15242,0.07693
0.57757,0.15081,0.07693
0.59537,0.1488,0.07693
0.61317,0.14639,0.07693
0.63097,0.14357,0.07693
0.64877,0.14029,0.07693
0.66657,0.13654,0.07693
0.68437,0.13227,0.07693
0.70217,0.12742,0.07693
0.71997,0.12194,0.07693
0.73777,0.11573,0.07693
0.75557,0.10867,0.07693
0.77337,0.10057,0.07693
0.79117,0.09116,0.07693
0.80896,0.07998,0.07693
0.82676,0.06613,0.07693
0.84456,0.04734,0.07693
0.86236,0.0,0.07693
0.14712,0.0,0.10257
0.16589,0.03523,0.10257
0.18465,0.07779,0.10257
0.20342,0.12155,0.10257
0.22219,0.16038,0.10257
0.24095,0.18817,0.10257
0.25972,0.19879,0.10257
0.27923,0.19879,0.10257
0.29874,0.19879,0.10257
0.31825,0.19879,0.10257
0.33776,0.19879,0.10257
0.35727,0.19879,0.10257
0.37678,0.19879,0.10257
0.39629,0.19879,0.10257
0.4158,0.19879,0.10257
0.43531,0.19879,0.10257
0.45482,0.19879,0.10257
0.47433,0.19879,0.10257
0.49384,0.19879,0.10257
0.5122,0.19856,0.10257
0.53056,0.19789,0.10257
0.54892,0.19675,0.10257
0.56728,0.19516,0.10257
0.58565,0.19307,0.10257
0.60401,0.1905,0.10257
0.62237,0.18742,0.10257
0.64073,0.1838,0.10257
0.65909,0.17961,0.10257
0.67745,0.1748,0.10257
0.69581,0.16934,0.10257
0.71418,0.16314,0.10257
0.73254,0.15612,0.10257
0.7509,0.14817,0.10257
0.76926,0.13913,0.10257
0.78762,0.12875,0.10257
0.80598,0.11671,0.10257
0.82434,0.1024,0.10257
0.84271,0.08467,0.10257
0.86107,0.06062,0.10257
0.87943,0.0,0.10257
0.14156,0.0,0.1282
0.16054,0.0402,0.1282
0.17953,0.0913,0.1282
0.19851,0.14519,0.1282
0.2175,0.19373,0.1282
0.23649,0.22882,0.1282
0.25547,0.24231,0.1282
0.27576,0.24231,0.1282
0.29606,0.24231,0.1282
0.31635,0.24231,0.1282
0.33664,0.24231,0.1282
0.35693,0.24231,0.1282
0.37722,0.24231,0.1282
0.39751,0.24231,0.1282
0.4178,0.24231,0.1282
0.4381,0.24231,0.1282
0.45839,0.24231,0.1282
0.47868,0.24231,0.1282
0.49897,0.24231,0.1282
0.5178,0.24204,0.1282
0.53664,0.24121,0.1282
0.55547,0.23983,0.1282
0.5743,0.23788,0.1282
0.59313,0.23534,0.1282
0.61197,0.23221,0.1282
0.6308,0.22845,0.1282
0.64963,0.22404,0.1282
0.66847,0.21894,0.1282
0.6873,0.21308,0.1282
0.70613,0.20641,0.1282
0.72497,0.19886,0.1282
0.7438,0.19031,0.1282
0.76263,0.18061,0.1282
0.78147,0.16959,0.1282
0.8003,0.15694,0.1282
0.81913,0.14226,0.1282
0.83796,0.12481,0.1282
0.8568,0.1032,0.1282
0.87563,0.07388,0.1282
0.89446,0.0,0.1282
0.13653,0.0,0.15384
0.15952,0.05625,0.15384
0.18251,0.13045,0.15384
0.2055,0.20511,0.15384
0.22849,0.26274,0.15384
0.25148,0.28583,0.15384
0.26951,0.28583,0.15384
0.28755,0.28583,0.15384
0.30558,0.28583,0.15384
0.32362,0.28583,0.15384
0.34165,0.28583,0.15384
0.35969,0.28583,0.15384
0.37772,0.28583,0.15384
0.39576,0.28583,0.15384
0.41379,0.28583,0.15384
0.43183,0.28583,0.15384
0.44986,0.28583,0.15384
0.4679,0.28583,0.15384
0.48593,0.28583,0.15384
0.50397,0.28583,0.15384
0.52417,0.28548,0.15384
0.54438,0.28441,0.15384
0.56458,0.2826,0.15384
0.58479,0.28006,0.15384
0.60499,0.27676,0.15384
0.6252,0.27267,0.15384
0.6454,0.26775,0.15384
0.6656,0.26198,0.15384
0.68581,0.25526,0.15384
0.70601,0.24754,0.15384
0.72622,0.23872,0.15384
0.74642,0.22867,0.15384
0.76663,0.21721,0.15384
0.78683,0.20412,0.15384
0.80703,0.18907,0.15384
0.82724,0.1715,0.15384
0.84744,0.15057,0.15384
0.86765,0.12459,0.15384
0.88785,0.08925,0.15384
0.90806,0.0,0.15384
0.1319,0.0,0.17949
0.15507,0.06268,0.17949
0.17823,0.14792,0.17949
0.2014,0.23474,0.17949
0.22457,0.30221,0.17949
0.24773,0.32935,0.17949
0.26638,0.32935,0.17949
0.28503,0.32935,0.17949
0.30368,0.32935,0.17949
0.32234,0.32935,0.17949
0.34099,0.32935,0.17949
0.35964,0.32935,0.17949
0.37829,0.32935,0.17949
0.39694,0.32935,0.17949
0.41559,0.32935,0.17949
0.43424,0.32935,0.17949
0.45289,0.32935,0.17949
0.47154,0.32935,0.17949
0.49019,0.32935,0.17949
0.50884,0.32935,0.17949
0.52942,0.32895,0.17949
0.55001,0.32771,0.17949
0.5706,0.32563,0.17949
0.59118,0.3227,0.17949
0.61177,0.3189,0.17949
0.63235,0.31419,0.17949
0.65294,0.30853,0.17949
0.67353,0.30187,0.17949
0.69411,0.29413,0.17949
0.7147,0.28523,0.17949
0.73528,0.27507,0.17949
0.75587,0.26349,0.17949
0.77645,0.25029,0.17949
0.79704,0.2352,0.17949
0.81763,0.21785,0.17949
0.83821,0.19762,0.17949
0.8588,0.1735,0.17949
0.87938,0.14357,0.17949
0.89997,0.10284,0.17949
0.92055,0.0,0.17949
0.12759,0.0,0.20513
0.15092,0.06913,0.20513
0.17425,0.16541,0.20513
0.19758,0.2644,0.20513
0.22091,0.34169,0.20513
0.24424,0.37289,0.20513
0.26348,0.37289,0.20513
0.28272,0.37289,0.20513
0.30195,0.37289,0.20513
0.32119,0.37289,0.20513
0.34043,0.37289,0.20513
0.35967,0.37289,0.20513
0.37891,0.37289,0.20513
0.39815,0.37289,0.20513
0.41738,0.37289,0.20513
0.43662,0.37289,0.20513
0.45586,0.37289,0.20513
0.4751,0.37289,0.20513
0.49434,0.37289,0.20513
0.51358,0.37289,0.20513
0.53451,0.37241,0.20513
0.55544,0.37102,0.20513
0.57637,0.36866,0.20513
0.5973,0.36535,0.20513
0.61823,0.36104,0.20513
0.63916,0.3557,0.20513
0.66009,0.34929,0.20513
0.68102,0.34175,0.20513
0.70195,0.333,0.20513
0.72288,0.32293,0.20513
0.74381,0.31141,0.20513
0.76474,0.2983,0.20513
0.78567,0.28336,0.20513
0.8066,0.26629,0.20513
0.82754,0.24664,0.20513
0.84847,0.22373,0.20513
0.8694,0.19643,0.20513
0.89033,0.16253,0.20513
0.91126,0.11643,0.20513
0.93219,0.0,0.20513
0.12355,0.0,0.23077
0.14704,0.07562,0.23077
0.17053,0.18292,0.23077
0.19402,0.29406,0.23077
0.21751,0.38117,0.23077
0.24099,0.41641,0.23077
0.26079,0.41641,0.23077
0.28059,0.41641,0.23077
0.30039,0.41641,0.23077
0.32019,0.41641,0.23077
0.33999,0.41641,0.23077
0.35979,0.41641,0.23077
0.37959,0.41641,0.23077
0.39939,0.41641,0.23077
0.41919,0.41641,0.23077
0.43899,0.41641,0.23077
0.45878,0.41641,0.23077
0.47858,0.41641,0.23077
0.49838,0.41641,0.23077
0.51818,0.41641,0.23077
0.53943,0.41589,0.23077
0.56068,0.41431,0.23077
0.58192,0.41169,0.23077
0.60317,0.40799,0.23077
0.62442,0.40318,0.23077
0.64566,0.39722,0.23077
0.66691,0.39007,0.23077
0.68816,0.38163,0.23077
0.7094,0.37186,0.23077
0.73065,0.36061,0.23077
0.7519,0.34777,0.23077
0.77314,0.33312,0.23077
0.79439,0.31644,0.23077
0.81564,0.29737,0.23077
0.83688,0.27542,0.23077
0.85813,0.24984,0.23077
0.87938,0.21935,0.23077
0.90062,0.18151,0.23077
0.92187,0.13002,0.23077
0.94312,0.0,0.23077
0.11972,0.0,0.25641
0.14338,0.08206,0.25641
0.16703,0.20025,0.25641
0.19069,0.32332,0.25641
0.21434,0.42006,0.25641
0.238,0.45925,0.25641
0.25833,0.45925,0.25641
0.27867,0.45925,0.25641
0.299,0.45925,0.25641
0.31933,0.45925,0.25641
0.33966,0.45925,0.25641
0.36,0.45925,0.25641
0.38033,0.45925,0.25641
0.40066,0.45925,0.25641
0.42099,0.45925,0.25641
0.44133,0.45925,0.25641
0.46166,0.45925,0.25641
0.48199,0.45925,0.25641
0.50232,0.45925,0.25641
0.52266,0.45925,0.25641
0.5442,0.45867,0.25641
0.56574,0.45695,0.25641
0.58728,0.45405,0.25641
0.60882,0.44997,0.25641
0.63036,0.44466,0.25641
0.6519,0.43809,0.25641
0.67343,0.4302,0.25641
0.69497,0.4209,0.25641
0.71651,0.41012,0.25641
0.73805,0.39772,0.25641
0.75959,0.38354,0.25641
0.78113,0.36739,0.25641
0.80267,0.349,0.25641
0.82421,0.32797,0.25641
0.84575,0.30376,0.25641
0.86729,0.27555,0.25641
0.88883,0.24193,0.25641
0.91037,0.20018,0.25641
0.93191,0.1434,0.25641
0.95345,0.0,0.25641
0.11608,0.0,0.28206
0.13992,0.08762,0.28206
0.16375,0.21444,0.28206
0.18759,0.34673,0.28206
0.21142,0.45082,0.28206
0.23526,0.49302,0.28206
0.25609,0.49302,0.28206
0.27693,0.49302,0.28206
0.29777,0.49302,0.28206
0.31861,0.49302,0.28206
0.33945,0.49302,0.28206
0.36029,0.49302,0.28206
0.38113,0.49302,0.28206
0.40197,0.49302,0.28206
0.42281,0.49302,0.28206
0.44365,0.49302,0.28206
0.46448,0.49302,0.28206
0.48532,0.49302,0.28206
0.50616,0.49302,0.28206
0.527,0.49302,0.28206
0.54882,0.4924,0.28206
0.57063,0.49054,0.28206
0.59244,0.48744,0.28206
0.61426,0.48305,0.28206
0.63607,0.47736,0.28206
0.65788,0.4703,0.28206
0.6797,0.46183,0.28206
0.70151,0.45186,0.28206
0.72333,0.44027,0.28206
0.74514,0.42696,0.28206
0.76695,0.41175,0.28206
0.78877,0.39441,0.28206
0.81058,0.37466,0.28206
0.8324,0.35208,0.28206
0.85421,0.3261,0.28206
0.87603,0.29581,0.28206
0.89784,0.25971,0.28206
0.91965,0.2149,0.28206
0.94147,0.15394,0.28206
0.96328,0.0,0.28206
0.11261,0.0,0.3077
0.13664,0.09251,0.3077
0.16067,0.22617,0.3077
0.1847,0.36554,0.3077
0.20873,0.47516,0.3077
0.23276,0.51958,0.3077
0.25408,0.51958,0.3077
0.2754,0.51958,0.3077
0.29672,0.51958,0.3077
0.31803,0.51958,0.3077
0.33935,0.51958,0.3077
0.36067,0.51958,0.3077
0.38199,0.51958,0.3077
0.40331,0.51958,0.3077
0.42462,0.51958,0.3077
0.44594,0.51958,0.3077
0.46726,0.51958,0.3077
0.48858,0.51958,0.3077
0.5099,0.51958,0.3077
0.53121,0.51958,0.3077
0.55329,0.51893,0.3077
0.57536,0.51698,0.3077
0.59743,0.51371,0.3077
0.61951,0.50909,0.3077
0.64158,0.50309,0.3077
0.66365,0.49565,0.3077
0.68572,0.48672,0.3077
0.7078,0.47621,0.3077
0.72987,0.464,0.3077
0.75194,0.44997,0.3077
0.77402,0.43394,0.3077
0.79609,0.41567,0.3077
0.81816,0.39485,0.3077
0.84024,0.37105,0.3077
0.86231,0.34367,0.3077
0.88438,0.31175,0.3077
0.90645,0.27371,0.3077
0.92853,0.22648,0.3077
0.9506,0.16224,0.3077
0.97267,0.0,0.3077
0.10927,0.0,0.33333
0.13352,0.09698,0.33333
0.15777,0.23638,0.33333
0.18202,0.38145,0.33333
0.20627,0.49543,0.33333
0.23052,0.5416,0.33333
0.25229,0.5416,0.33333
0.27406,0.5416,0.33333
0.29583,0.5416,0.33333
0.3176,0.5416,0.33333
0.33937,0.5416,0.33333
0.36114,0.5416,0.33333
0.38291,0.5416,0.33333
0.40467,0.5416,0.33333
0.42645,0.5416,0.33333
0.44822,0.5416,0.33333
0.46998,0.5416,0.33333
0.49175,0.5416,0.33333
0.51352,0.5416,0.33333
0.53529,0.5416,0.33333
0.55761,0.54092,0.33333
0.57993,0.53888,0.33333
0.60225,0.53547,0.33333
0.62457,0.53065,0.33333
0.64689,0.52439,0.33333
0.66921,0.51665,0.33333
0.69153,0.50734,0.33333
0.71385,0.49638,0.33333
0.73617,0.48366,0.33333
0.75849,0.46903,0.33333
0.78081,0.45232,0.33333
0.80313,0.43328,0.33333
0.82545,0.41157,0.33333
0.84777,0.38677,0.33333
0.87009,0.35823,0.33333
0.89241,0.32495,0.33333
0.91472,0.2853,0.33333
0.93704,0.23607,0.33333
0.95936,0.16912,0.33333
0.98168,0.0,0.33333
0.10606,0.0,0.35897
0.13056,0.10121,0.35897
0.15505,0.24554,0.35897
0.17954,0.3953,0.35897
0.20403,0.51279,0.35897
0.22852,0.56033,0.35897
0.25072,0.56033,0.35897
0.27291,0.56033,0.35897
0.29511,0.56033,0.35897
0.3173,0.56033,0.35897
0.33949,0.56033,0.35897
0.36169,0.56033,0.35897
0.38388,0.56033,0.35897
0.40608,0.56033,0.35897
0.42827,0.56033,0.35897
0.45047,0.56033,0.35897
0.47266,0.56033,0.35897
0.49486,0.56033,0.35897
0.51705,0.56033,0.35897
0.53924,0.56033,0.35897
0.56149,0.55963,0.35897
0.58374,0.55752,0.35897
0.60598,0.554,0.35897
0.62823,0.54902,0.35897
0.65048,0.54255,0.35897
0.67272,0.53455,0.35897
0.69497,0.52492,0.35897
0.71721,0.5136,0.35897
0.73946,0.50046,0.35897
0.76171,0.48534,0.35897
0.78395,0.46807,0.35897
0.8062,0.44838,0.35897
0.82844,0.42595,0.35897
0.85069,0.40032,0.35897
0.87294,0.37083,0.35897
0.89518,0.33644,0.35897
0.91743,0.29546,0.35897
0.93968,0.24458,0.35897
0.96192,0.17539,0.35897
0.98417,0.00061,0.35897
0.10297,0.0,0.38461
0.12773,0.10542,0.38461
0.15249,0.25441,0.38461
0.17725,0.40847,0.38461
0.20202,0.52914,0.38461
0.22678,0.57791,0.38461
0.24937,0.57791,0.38461
0.27196,0.57791,0.38461
0.29455,0.57791,0.38461
0.31715,0.57791,0.38461
0.33974,0.57791,0.38461
0.36233,0.57791,0.38461
0.38492,0.57791,0.38461
0.40751,0.57791,0.38461
0.4301,0.57791,0.38461
0.4527,0.57791,0.38461
0.47529,0.57791,0.38461
0.49788,0.57791,0.38461
0.52047,0.57791,0.38461
0.54306,0.57791,0.38461
0.56515,0.5772,0.38461
0.58724,0.57503,0.38461
0.60932,0.57141,0.38461
0.63141,0.5663,0.38461
0.6535,0.55967,0.38461
0.67558,0.55144,0.38461
0.69767,0.54157,0.38461
0.71976,0.52993,0.38461
0.74184,0.51644,0.38461
0.76393,0.50092,0.38461
0.78602,0.48318,0.38461
0.80811,0.46298,0.38461
0.83019,0.43995,0.38461
0.85228,0.41364,0.38461
0.87437,0.38335,0.38461
0.89645,0.34804,0.38461
0.91854,0.30596,0.38461
0.94063,0.25373,0.38461
0.96272,0.18268,0.38461
0.9848,0.00323,0.38461
0.09997,0.0,0.41026
0.12504,0.10974,0.41026
0.1501,0.26339,0.41026
0.17516,0.42174,0.41026
0.20022,0.54552,0.41026
0.22529,0.5955,0.41026
0.24672,0.5955,0.41026
0.26815,0.5955,0.41026
0.28958,0.5955,0.41026
0.31101,0.5955,0.41026
0.33244,0.5955,0.41026
0.35387,0.5955,0.41026
0.3753,0.5955,0.41026
0.39673,0.5955,0.41026
0.41816,0.5955,0.41026
0.43959,0.5955,0.41026
0.46103,0.5955,0.41026
0.48246,0.5955,0.41026
0.50389,0.5955,0.41026
0.52532,0.5955,0.41026
0.54675,0.5955,0.41026
0.56984,0.59469,0.41026
0.59293,0.59223,0.41026
0.61602,0.58813,0.41026
0.6391,0.58233,0.41026
0.66219,0.57479,0.41026
0.68528,0.56543,0.41026
0.70837,0.55418,0.41026
0.73146,0.54089,0.41026
0.75455,0.52542,0.41026
0.77764,0.50755,0.41026
0.80073,0.48703,0.41026
0.82381,0.4635,0.41026
0.8469,0.43646,0.41026
0.86999,0.4052,0.41026
0.89308,0.36861,0.41026
0.91617,0.32486,0.41026
0.93926,0.27039,0.41026
0.96235,0.1961,0.41026
0.98544,0.00803,0.41026
0.09707,0.0,0.4359
0.12247,0.11418,0.4359
0.14786,0.27253,0.4359
0.17325,0.4351,0.4359
0.19865,0.56193,0.4359
0.22404,0.61309,0.4359
0.24579,0.61309,0.4359
0.26754,0.61309,0.4359
0.28929,0.61309,0.4359
0.31105,0.61309,0.4359
0.3328,0.61309,0.4359
0.35455,0.61309,0.4359
0.3763,0.61309,0.4359
0.39805,0.61309,0.4359
0.4198,0.61309,0.4359
0.44155,0.61309,0.4359
0.4633,0.61309,0.4359
0.48505,0.61309,0.4359
0.5068,0.61309,0.4359
0.52855,0.61309,0.4359
0.55031,0.61309,0.4359
0.57324,0.61226,0.4359
0.59617,0.60976,0.4359
0.61911,0.60559,0.4359
0.64204,0.59969,0.4359
0.66498,0.59202,0.4359
0.68791,0.58249,0.4359
0.71085,0.57103,0.4359
0.73378,0.55751,0.4359
0.75672,0.54176,0.4359
0.77965,0.52359,0.4359
0.80259,0.5027,0.4359
0.82552,0.47876,0.4359
0.84846,0.45125,0.4359
0.87139,0.41943,0.4359
0.89433,0.3822,0.4359
0.91726,0.33767,0.4359
0.9402,0.28224,0.4359
0.96313,0.20664,0.4359
0.98607,0.01525,0.4359
0.09426,0.0,0.46154
0.12001,0.11875,0.46154
0.14577,0.28181,0.46154
0.17153,0.44855,0.46154
0.19729,0.57838,0.46154
0.22305,0.63068,0.46154
0.24509,0.63068,0.46154
0.26714,0.63068,0.46154
0.28919,0.63068,0.46154
0.31123,0.63068,0.46154
0.33328,0.63068,0.46154
0.35532,0.63068,0.46154
0.37737,0.63068,0.46154
0.39941,0.63068,0.46154
0.42146,0.63068,0.46154
0.4435,0.63068,0.46154
0.46555,0.63068,0.46154
0.48759,0.63068,0.46154
0.50964,0.63068,0.46154
0.53168,0.63068,0.46154
0.55373,0.63068,0.46154
0.57652,0.62983,0.46154
0.59931,0.62731,0.46154
0.62209,0.62308,0.46154
0.64488,0.61711,0.46154
0.66767,0.60934,0.46154
0.69046,0.59969,0.46154
0.71325,0.58809,0.46154
0.73603,0.5744,0.46154
0.75882,0.55845,0.46154
0.78161,0.54004,0.46154
0.8044,0.5189,0.46154
0.82719,0.49465,0.46154
0.84997,0.46679,0.46154
0.87276,0.43458,0.46154
0.89555,0.39687,0.46154
0.91834,0.35178,0.46154
0.94113,0.29565,0.46154
0.96391,0.21911,0.46154
0.9867,0.0253,0.46154
0.09151,0.0,0.48717
0.11767,0.12348,0.48717
0.14383,0.29126,0.48717
0.16999,0.46211,0.48717
0.19615,0.59485,0.48717
0.22231,0.64827,0.48717
0.24462,0.64827,0.48717
0.26693,0.64827,0.48717
0.28925,0.64827,0.48717
0.31156,0.64827,0.48717
0.33388,0.64827,0.48717
0.35619,0.64827,0.48717
0.37851,0.64827,0.48717
0.40082,0.64827,0.48717
0.42314,0.64827,0.48717
0.44545,0.64827,0.48717
0.46777,0.64827,0.48717
0.49008,0.64827,0.48717
0.51239,0.64827,0.48717
0.53471,0.64827,0.48717
0.55702,0.64827,0.48717
0.57967,0.64742,0.48717
0.60232,0.64488,0.48717
0.62497,0.64062,0.48717
0.64762,0.6346,0.48717
0.67026,0.62679,0.48717
0.69291,0.61709,0.48717
0.71556,0.6054,0.48717
0.73821,0.59162,0.48717
0.76086,0.57557,0.48717
0.7835,0.55705,0.48717
0.80615,0.53577,0.48717
0.8288,0.51136,0.48717
0.85145,0.48332,0.48717
0.87409,0.45089,0.48717
0.89674,0.41294,0.48717
0.91939,0.36757,0.48717
0.94204,0.31108,0.48717
0.96469,0.23403,0.48717
0.98734,0.03897,0.48717
0.08885,0.0,0.51283
0.11544,0.12836,0.51283
0.14203,0.30088,0.51283
0.16862,0.4758,0.51283
0.19522,0.61138,0.51283
0.22181,0.66585,0.51283
0.24437,0.66585,0.51283
0.26693,0.66585,0.51283
0.28949,0.66585,0.51283
0.31205,0.66585,0.51283
0.3346,0.66585,0.51283
0.35716,0.66585,0.51283
0.37972,0.66585,0.51283
0.40228,0.66585,0.51283
0.42484,0.66585,0.51283
0.44739,0.66585,0.51283
0.46995,0.66585,0.51283
0.49251,0.66585,0.51283
0.51507,0.66585,0.51283
0.53763,0.66585,0.51283
0.56019,0.66585,0.51283
0.5827,0.66501,0.51283
0.60522,0.66247,0.51283
0.62773,0.65823,0.51283
0.65024,0.65222,0.51283
0.67276,0.64442,0.51283
0.69527,0.63474,0.51283
0.71779,0.62309,0.51283
0.7403,0.60933,0.51283
0.76282,0.59332,0.51283
0.78533,0.57483,0.51283
0.80785,0.5536,0.51283
0.83036,0.52925,0.51283
0.85288,0.50126,0.51283
0.87539,0.46891,0.51283
0.89791,0.43105,0.51283
0.92042,0.38578,0.51283
0.94294,0.3294,0.51283
0.96545,0.25254,0.51283
0.98797,0.0579,0.51283
0.08624,0.0,0.53846
0.11331,0.13341,0.53846
0.14037,0.31069,0.53846
0.16744,0.48962,0.53846
0.1945,0.62794,0.53846
0.22157,0.68343,0.53846
0.24292,0.68343,0.53846
0.26427,0.68343,0.53846
0.28563,0.68343,0.53846
0.30698,0.68343,0.53846
0.32833,0.68343,0.53846
0.34969,0.68343,0.53846
0.37104,0.68343,0.53846
0.39239,0.68343,0.53846
0.41375,0.68343,0.53846
0.4351,0.68343,0.53846
0.45645,0.68343,0.53846
0.4778,0.68343,0.53846
0.49916,0.68343,0.53846
0.52051,0.68343,0.53846
0.54186,0.68343,0.53846
0.56322,0.68343,0.53846
0.58685,0.68251,0.53846
0.61048,0.67972,0.53846
0.63411,0.67505,0.53846
0.65775,0.66844,0.53846
0.68138,0.65984,0.53846
0.70501,0.64915,0.53846
0.72864,0.63624,0.53846
0.75228,0.62096,0.53846
0.77591,0.60311,0.53846
0.79954,0.5824,0.53846
0.82317,0.55846,0.53846
0.84681,0.53077,0.53846
0.87044,0.49858,0.53846
0.89407,0.46074,0.53846
0.9177,0.4153,0.53846
0.94134,0.35856,0.53846
0.96497,0.28095,0.53846
0.9886,0.0839,0.53846
0.0837,0.0,0.5641
0.10668,0.11137,0.5641
0.12966,0.25784,0.5641
0.15264,0.41471,0.5641
0.17562,0.55732,0.5641
0.1986,0.66098,0.5641
0.22158,0.70102,0.5641
0.24455,0.70102,0.5641
0.26751,0.70102,0.5641
0.29048,0.70102,0.5641
0.31345,0.70102,0.5641
0.33642,0.70102,0.5641
0.35939,0.70102,0.5641
0.38236,0.70102,0.5641
0.40533,0.70102,0.5641
0.4283,0.70102,0.5641
0.45127,0.70102,0.5641
0.47424,0.70102,0.5641
0.49721,0.70102,0.5641
0.52018,0.70102,0.5641
0.54315,0.70102,0.5641
0.56612,0.70102,0.5641
0.58962,0.70011,0.5641
0.61313,0.69737,0.5641
0.63664,0.69277,0.5641
0.66014,0.68627,0.5641
0.68365,0.67779,0.5641
0.70716,0.66727,0.5641
0.73066,0.65456,0.5641
0.75417,0.63953,0.5641
0.77768,0.62196,0.5641
0.80118,0.60156,0.5641
0.82469,0.57799,0.5641
0.84819,0.55074,0.5641
0.8717,0.51905,0.5641
0.89521,0.4818,0.5641
0.91871,0.43707,0.5641
0.94222,0.38122,0.5641
0.96573,0.30482,0.5641
0.98923,0.11085,0.5641
0.08121,0.0,0.58974
0.10465,0.11594,0.58974
0.12809,0.26658,0.58974
0.15152,0.42704,0.58974
0.17496,0.57244,0.58974
0.1984,0.67792,0.58974
0.22183,0.71861,0.58974
0.24497,0.71861,0.58974
0.26811,0.71861,0.58974
0.29124,0.71861,0.58974
0.31438,0.71861,0.58974
0.33752,0.71861,0.58974
0.36065,0.71861,0.58974
0.38379,0.71861,0.58974
0.40693,0.71861,0.58974
0.43006,0.71861,0.58974
0.4532,0.71861,0.58974
0.47634,0.71861,0.58974
0.49947,0.71861,0.58974
0.52261,0.71861,0.58974
0.54575,0.71861,0.58974
0.56888,0.71861,0.58974
0.59227,0.71771,0.58974
0.61566,0.71501,0.58974
0.63905,0.71049,0.58974
0.66244,0.70409,0.58974
0.68582,0.69575,0.58974
0.70921,0.68539,0.58974
0.7326,0.67289,0.58974
0.75599,0.65809,0.58974
0.77938,0.6408,0.58974
0.80276,0.62073,0.58974
0.82615,0.59754,0.58974
0.84954,0.57071,0.58974
0.87293,0.53952,0.58974
0.89632,0.50286,0.58974
0.9197,0.45886,0.58974
0.94309,0.40388,0.58974
0.96648,0.32869,0.58974
0.98987,0.1378,0.58974
0.07878,0.0,0.61539
0.10271,0.1207,0.61539
0.12664,0.27556,0.61539
0.15056,0.43956,0.61539
0.17449,0.58768,0.61539
0.19841,0.6949,0.61539
0.22234,0.73619,0.61539
0.24562,0.73619,0.61539
0.2689,0.73619,0.61539
0.29218,0.73619,0.61539
0.31545,0.73619,0.61539
0.33873,0.73619,0.61539
0.36201,0.73619,0.61539
0.38529,0.73619,0.61539
0.40857,0.73619,0.61539
0.43185,0.73619,0.61539
0.45513,0.73619,0.61539
0.47841,0.73619,0.61539
0.50169,0.73619,0.61539
0.52496,0.73619,0.61539
0.54824,0.73619,0.61539
0.57152,0.73619,0.61539
0.5948,0.73531,0.61539
0.61807,0.73266,0.61539
0.64135,0.7282,0.61539
0.66463,0.7219,0.61539
0.6879,0.71371,0.61539
0.71118,0.70352,0.61539
0.73446,0.69122,0.61539
0.75773,0.67665,0.61539
0.78101,0.65963,0.61539
0.80429,0.6399,0.61539
0.82756,0.61708,0.61539
0.85084,0.59068,0.61539
0.87412,0.55999,0.61539
0.89739,0.52393,0.61539
0.92067,0.48063,0.61539
0.94395,0.42654,0.61539
0.96722,0.35257,0.61539
0.9905,0.16476,0.61539
0.0764,0.0,0.64103
0.10085,0.12565,0.64103
0.1253,0.2848,0.64103
0.14975,0.4523,0.64103
0.1742,0.60304,0.64103
0.19865,0.71191,0.64103
0.2231,0.75378,0.64103
0.24649,0.75378,0.64103
0.26989,0.75378,0.64103
0.29328,0.75378,0.64103
0.31668,0.75378,0.64103
0.34007,0.75378,0.64103
0.36347,0.75378,0.64103
0.38686,0.75378,0.64103
0.41026,0.75378,0.64103
0.43366,0.75378,0.64103
0.45705,0.75378,0.64103
0.48045,0.75378,0.64103
0.50384,0.75378,0.64103
0.52724,0.75378,0.64103
0.55063,0.75378,0.64103
0.57403,0.75378,0.64103
0.5972,0.75292,0.64103
0.62037,0.7503,0.64103
0.64354,0.74592,0.64103
0.66672,0.73973,0.64103
0.68989,0.73167,0.64103
0.71306,0.72164,0.64103
0.73624,0.70954,0.64103
0.75941,0.69522,0.64103
0.78258,0.67848,0.64103
0.80575,0.65906,0.64103
0.82893,0.63661,0.64103
0.8521,0.61065,0.64103
0.87527,0.58047,0.64103
0.89844,0.54499,0.64103
0.92162,0.50241,0.64103
0.94479,0.4492,0.64103
0.96796,0.37644,0.64103
0.99113,0.1917,0.64103
0.07407,0.0,0.66667
0.09907,0.13083,0.66667
0.12408,0.29432,0.66667
0.14909,0.46527,0.66667
0.17409,0.61855,0.66667
0.1991,0.72897,0.66667
0.22411,0.77137,0.66667
0.24759,0.77137,0.66667
0.27108,0.77137,0.66667
0.29456,0.77137,0.66667
0.31805,0.77137,0.66667
0.34154,0.77137,0.66667
0.36502,0.77137,0.66667
0.38851,0.77137,0.66667
0.412,0.77137,0.66667
0.43548,0.77137,0.66667
0.45897,0.77137,0.66667
0.48246,0.77137,0.66667
0.50594,0.77137,0.66667
0.52943,0.77137,0.66667
0.55291,0.77137,0.66667
0.5764,0.77137,0.66667
0.59948,0.77051,0.66667
0.62255,0.76794,0.66667
0.64563,0.76363,0.66667
0.66871,0.75755,0.66667
0.69178,0.74962,0.66667
0.71486,0.73976,0.66667
0.73793,0.72786,0.66667
0.76101,0.71378,0.66667
0.78408,0.69732,0.66667
0.80716,0.67822,0.66667
0.83024,0.65615,0.66667
0.85331,0.63062,0.66667
0.87639,0.60094,0.66667
0.89946,0.56605,0.66667
0.92254,0.52418,0.66667
0.94562,0.47187,0.66667
0.96869,0.40031,0.66667
0.99177,0.21865,0.66667
0.07117,0.0,0.6923
0.09687,0.13655,0.6923
0.12257,0.30452,0.6923
0.14827,0.47883,0.6923
0.17397,0.6344,0.6923
0.19966,0.74613,0.6923
0.22536,0.78896,0.6923
0.24744,0.78896,0.6923
0.26952,0.78896,0.6923
0.2916,0.78896,0.6923
0.31368,0.78896,0.6923
0.33576,0.78896,0.6923
0.35784,0.78896,0.6923
0.37992,0.78896,0.6923
0.402,0.78896,0.6923
0.42408,0.78896,0.6923
0.44616,0.78896,0.6923
0.46824,0.78896,0.6923
0.49032,0.78896,0.6923
0.5124,0.78896,0.6923
0.53448,0.78896,0.6923
0.55656,0.78896,0.6923
0.57864,0.78896,0.6923
0.60298,0.78801,0.6923
0.62732,0.78518,0.6923
0.65166,0.78042,0.6923
0.676,0.7737,0.6923
0.70034,0.76492,0.6923
0.72468,0.75399,0.6923
0.74901,0.74075,0.6923
0.77335,0.72503,0.6923
0.79769,0.70657,0.6923
0.82203,0.68501,0.6923
0.84637,0.65988,0.6923
0.87071,0.63047,0.6923
0.89505,0.59573,0.6923
0.91938,0.55383,0.6923
0.94372,0.50129,0.6923
0.96806,0.42921,0.6923
0.9924,0.24561,0.6923
0.06677,0.0,0.71794
0.09345,0.14333,0.71794
0.12013,0.31609,0.71794
0.14682,0.49354,0.71794
0.1735,0.65093,0.71794
0.20019,0.76352,0.71794
0.22687,0.80654,0.71794
0.24899,0.80654,0.71794
0.27111,0.80654,0.71794
0.29322,0.80654,0.71794
0.31534,0.80654,0.71794
0.33746,0.80654,0.71794
0.35958,0.80654,0.71794
0.3817,0.80654,0.71794
0.40381,0.80654,0.71794
0.42593,0.80654,0.71794
0.44805,0.80654,0.71794
0.47017,0.80654,0.71794
0.49229,0.80654,0.71794
0.5144,0.80654,0.71794
0.53652,0.80654,0.71794
0.55864,0.80654,0.71794
0.58076,0.80654,0.71794
0.60501,0.80562,0.71794
0.62926,0.80283,0.71794
0.65351,0.79816,0.71794
0.67776,0.79156,0.71794
0.70201,0.78292,0.71794
0.72627,0.77218,0.71794
0.75052,0.75918,0.71794
0.77477,0.74372,0.71794
0.79902,0.72557,0.71794
0.82327,0.70438,0.71794
0.84752,0.67969,0.71794
0.87178,0.65079,0.71794
0.89603,0.61664,0.71794
0.92028,0.57547,0.71794
0.94453,0.52384,0.71794
0.96878,0.453,0.71794
0.99303,0.27256,0.71794
0.06209,0.0,0.74359
0.08588,0.12686,0.74359
0.10967,0.27618,0.74359
0.13346,0.43265,0.74359
0.15725,0.58098,0.74359
0.18104,0.70586,0.74359
0.20484,0.79202,0.74359
0.22863,0.82413,0.74359
0.25224,0.82413,0.74359
0.27584,0.82413,0.74359
0.29945,0.82413,0.74359
0.32306,0.82413,0.74359
0.34666,0.82413,0.74359
0.37027,0.82413,0.74359
0.39388,0.82413,0.74359
0.41749,0.82413,0.74359
0.44109,0.82413,0.74359
0.4647,0.82413,0.74359
0.48831,0.82413,0.74359
0.51191,0.82413,0.74359
0.53552,0.82413,0.74359
0.55913,0.82413,0.74359
0.58274,0.82413,0.74359
0.60691,0.82322,0.74359
0.63108,0.82049,0.74359
0.65525,0.81589,0.74359
0.67943,0.8094,0.74359
0.7036,0.80093,0.74359
0.72777,0.79036,0.74359
0.75194,0.77759,0.74359
0.77612,0.76241,0.74359
0.80029,0.74458,0.74359
0.82446,0.72376,0.74359
0.84863,0.6995,0.74359
0.87281,0.67111,0.74359
0.89698,0.63757,0.74359
0.92115,0.59711,0.74359
0.94532,0.54639,0.74359
0.96949,0.47679,0.74359
0.99367,0.2995,0.74359
0.05713,0.0,0.76923
0.08191,0.13373,0.76923
0.1067,0.28785,0.76923
0.13149,0.44743,0.76923
0.15627,0.59753,0.76923
0.18106,0.72324,0.76923
0.20585,0.80961,0.76923
0.23064,0.84172,0.76923
0.25423,0.84172,0.76923
0.27783,0.84172,0.76923
0.30143,0.84172,0.76923
0.32502,0.84172,0.76923
0.34862,0.84172,0.76923
0.37222,0.84172,0.76923
0.39581,0.84172,0.76923
0.41941,0.84172,0.76923
0.44301,0.84172,0.76923
0.4666,0.84172,0.76923
0.4902,0.84172,0.76923
0.5138,0.84172,0.76923
0.53739,0.84172,0.76923
0.56099,0.84172,0.76923
0.58459,0.84172,0.76923
0.60869,0.84082,0.76923
0.63279,0.83813,0.76923
0.65689,0.83361,0.76923
0.68099,0.82722,0.76923
0.70509,0.81888,0.76923
0.72919,0.80848,0.76923
0.75329,0.79592,0.76923
0.77739,0.78098,0.76923
0.80149,0.76343,0.76923
0.82559,0.74294,0.76923
0.8497,0.71906,0.76923
0.8738,0.69112,0.76923
0.8979,0.6581,0.76923
0.922,0.61829,0.76923
0.9461,0.56837,0.76923
0.9702,0.49986,0.76923
0.9943,0.32538,0.76923
0.05189,0.0,0.79487
0.07775,0.1411,0.79487
0.10361,0.30022,0.79487
0.12946,0.46288,0.79487
0.15532,0.6146,0.79487
0.18118,0.74089,0.79487
0.20704,0.82728,0.79487
0.23289,0.85931,0.79487
0.25645,0.85931,0.79487
0.28002,0.85931,0.79487
0.30358,0.85931,0.79487
0.32714,0.85931,0.79487
0.3507,0.85931,0.79487
0.37426,0.85931,0.79487
0.39782,0.85931,0.79487
0.42138,0.85931,0.79487
0.44494,0.85931,0.79487
0.4685,0.85931,0.79487
0.49206,0.85931,0.79487
0.51562,0.85931,0.79487
0.53918,0.85931,0.79487
0.56274,0.85931,0.79487
0.5863,0.85931,0.79487
0.61034,0.85842,0.79487
0.63438,0.85576,0.79487
0.65842,0.85128,0.79487
0.68245,0.84495,0.79487
0.70649,0.83669,0.79487
0.73053,0.82641,0.79487
0.75456,0.81396,0.79487
0.7786,0.79915,0.79487
0.80264,0.78178,0.79487
0.82667,0.7615,0.79487
0.85071,0.73786,0.79487
0.87475,0.71019,0.79487
0.89879,0.6775,0.79487
0.92282,0.63808,0.79487
0.94686,0.58865,0.79487
0.9709,0.52082,0.79487
0.99493,0.34806,0.79487
0.04638,0.0,0.82051
0.07338,0.149,0.82051
0.10038,0.31332,0.82051
0.12739,0.47903,0.82051
0.15439,0.63218,0.82051
0.18139,0.75884,0.82051
0.2084,0.84506,0.82051
0.2354,0.87689,0.82051
0.2589,0.87689,0.82051
0.2824,0.87689,0.82051
0.3059,0.87689,0.82051
0.3294,0.87689,0.82051
0.3529,0.87689,0.82051
0.3764,0.87689,0.82051
0.3999,0.87689,0.82051
0.4234,0.87689,0.82051
0.4469,0.87689,0.82051
0.4704,0.87689,0.82051
0.49389,0.87689,0.82051
0.51739,0.87689,0.82051
0.54089,0.87689,0.82051
0.56439,0.87689,0.82051
0.58789,0.87689,0.82051
0.61187,0.87601,0.82051
0.63585,0.87337,0.82051
0.65983,0.86894,0.82051
0.68382,0.86268,0.82051
0.7078,0.85451,0.82051
0.73178,0.84432,0.82051
0.75576,0.83199,0.82051
0.77974,0.81734,0.82051
0.80372,0.80014,0.82051
0.8277,0.78006,0.82051
0.85168,0.75666,0.82051
0.87566,0.72927,0.82051
0.89964,0.69689,0.82051
0.92362,0.65787,0.82051
0.9476,0.60894,0.82051
0.97159,0.54178,0.82051
0.99557,0.37075,0.82051
0.04058,0.0,0.84616
0.06528,0.13683,0.84616
0.08998,0.28435,0.84616
0.11468,0.43362,0.84616
0.13937,0.57576,0.84616
0.16407,0.70183,0.84616
0.18877,0.8029,0.84616
0.21346,0.87009,0.84616
0.23816,0.89447,0.84616
0.26325,0.89447,0.84616
0.28833,0.89447,0.84616
0.31341,0.89447,0.84616
0.3385,0.89447,0.84616
0.36358,0.89447,0.84616
0.38867,0.89447,0.84616
0.41375,0.89447,0.84616
0.43884,0.89447,0.84616
0.46392,0.89447,0.84616
0.48901,0.89447,0.84616
0.51409,0.89447,0.84616
0.53918,0.89447,0.84616
0.56426,0.89447,0.84616
0.58935,0.89447,0.84616
0.61328,0.89361,0.84616
0.63721,0.891,0.84616
0.66114,0.88661,0.84616
0.68508,0.88041,0.84616
0.70901,0.87232,0.84616
0.73294,0.86223,0.84616
0.75687,0.85003,0.84616
0.78081,0.83553,0.84616
0.80474,0.8185,0.84616
0.82867,0.79862,0.84616
0.85261,0.77545,0.84616
0.87654,0.74834,0.84616
0.90047,0.71629,0.84616
0.9244,0.67766,0.84616
0.94834,0.62922,0.84616
0.97227,0.56275,0.84616
0.9962,0.39344,0.84616
0.03451,0.0,0.8718
0.06035,0.14494,0.8718
0.08618,0.29791,0.8718
0.11201,0.45045,0.8718
0.13784,0.59416,0.8718
0.16367,0.7206,0.8718
0.18951,0.82135,0.8718
0.21534,0.88798,0.8718
0.24117,0.91206,0.8718
0.26447,0.91206,0.8718
0.28777,0.91206,0.8718
0.31107,0.91206,0.8718
0.33437,0.91206,0.8718
0.35767,0.91206,0.8718
0.38097,0.91206,0.8718
0.40427,0.91206,0.8718
0.42757,0.91206,0.8718
0.45087,0.91206,0.8718
0.47417,0.91206,0.8718
0.49747,0.91206,0.8718
0.52077,0.91206,0.8718
0.54407,0.91206,0.8718
0.56737,0.91206,0.8718
0.59067,0.91206,0.8718
0.61606,0.9111,0.8718
0.64144,0.90817,0.8718
0.66683,0.90327,0.8718
0.69221,0.89631,0.8718
0.7176,0.88723,0.8718
0.74298,0.87587,0.8718
0.76837,0.86208,0.8718
0.79375,0.84562,0.8718
0.81914,0.82617,0.8718
0.84452,0.80327,0.8718
0.86991,0.77627,0.8718
0.89529,0.74416,0.8718
0.92068,0.70524,0.8718
0.94606,0.65622,0.8718
0.97145,0.5887,0.8718
0.99683,0.41612,0.8718
0.02817,0.0,0.89743
0.0552,0.15362,0.89743
0.08223,0.3123,0.89743
0.10927,0.46815,0.89743
0.1363,0.61331,0.89743
0.16333,0.7399,0.89743
0.19036,0.84008,0.89743
0.2174,0.90594,0.89743
0.24443,0.92965,0.89743
0.26759,0.92965,0.89743
0.29075,0.92965,0.89743
0.31392,0.92965,0.89743
0.33708,0.92965,0.89743
0.36024,0.92965,0.89743
0.3834,0.92965,0.89743
0.40656,0.92965,0.89743
0.42973,0.92965,0.89743
0.45289,0.92965,0.89743
0.47605,0.92965,0.89743
0.49921,0.92965,0.89743
0.52238,0.92965,0.89743
0.54554,0.92965,0.89743
0.5687,0.92965,0.89743
0.59186,0.92965,0.89743
0.61721,0.92869,0.89743
0.64256,0.9258,0.89743
0.66791,0.92095,0.89743
0.69326,0.91406,0.89743
0.71861,0.90506,0.89743
0.74396,0.89383,0.89743
0.76932,0.88018,0.89743
0.79466,0.86389,0.89743
0.82002,0.84463,0.89743
0.84537,0.82197,0.89743
0.87072,0.79525,0.89743
0.89607,0.76347,0.89743
0.92142,0.72495,0.89743
0.94677,0.67643,0.89743
0.97212,0.60962,0.89743
0.99747,0.43881,0.89743
0.02154,0.0,0.92307
0.0467,0.14458,0.92307
0.07185,0.29119,0.92307
0.09701,0.43474,0.92307
0.12216,0.57016,0.92307
0.14732,0.69235,0.92307
0.17247,0.79624,0.92307
0.19763,0.87674,0.92307
0.22278,0.92876,0.92307
0.24794,0.94724,0.92307
0.27258,0.94724,0.92307
0.29722,0.94724,0.92307
0.32186,0.94724,0.92307
0.3465,0.94724,0.92307
0.37115,0.94724,0.92307
0.39579,0.94724,0.92307
0.42043,0.94724,0.92307
0.44507,0.94724,0.92307
0.46971,0.94724,0.92307
0.49436,0.94724,0.92307
0.519,0.94724,0.92307
0.54364,0.94724,0.92307
0.56828,0.94724,0.92307
0.59293,0.94724,0.92307
0.61825,0.94629,0.92307
0.64357,0.94343,0.92307
0.66889,0.93863,0.92307
0.69422,0.93181,0.92307
0.71954,0.92291,0.92307
0.74487,0.91179,0.92307
0.77019,0.89828,0.92307
0.79551,0.88216,0.92307
0.82084,0.86311,0.92307
0.84616,0.84068,0.92307
0.87148,0.81423,0.92307
0.89681,0.78279,0.92307
0.92213,0.74467,0.92307
0.94745,0.69666,0.92307
0.97278,0.63053,0.92307
0.9981,0.46149,0.92307
0.01464,0.0,0.94872
0.04098,0.15357,0.94872
0.06732,0.30624,0.94872
0.09366,0.45344,0.94872
0.12,0.59059,0.94872
0.14634,0.71308,0.94872
0.17268,0.81634,0.94872
0.19902,0.89577,0.94872
0.22536,0.94679,0.94872
0.2517,0.96482,0.94872
0.27614,0.96482,0.94872
0.30058,0.96482,0.94872
0.32502,0.96482,0.94872
0.34946,0.96482,0.94872
0.3739,0.96482,0.94872
0.39834,0.96482,0.94872
0.42278,0.96482,0.94872
0.44722,0.96482,0.94872
0.47166,0.96482,0.94872
0.4961,0.96482,0.94872
0.52054,0.96482,0.94872
0.54498,0.96482,0.94872
0.56942,0.96482,0.94872
0.59386,0.96482,0.94872
0.61916,0.96388,0.94872
0.64447,0.96106,0.94872
0.66977,0.9563,0.94872
0.69508,0.94956,0.94872
0.72038,0.94075,0.94872
0.74568,0.92975,0.94872
0.77099,0.91638,0.94872
0.79629,0.90043,0.94872
0.8216,0.88157,0.94872
0.8469,0.85939,0.94872
0.87221,0.83322,0.94872
0.89751,0.8021,0.94872
0.92282,0.76438,0.94872
0.94812,0.71687,0.94872
0.97343,0.65143,0.94872
0.99873,0.48418,0.94872
0.00746,0.0,0.97436
0.03228,0.14695,0.97436
0.05711,0.29092,0.97436
0.08193,0.42897,0.97436
0.10676,0.55815,0.97436
0.13158,0.67554,0.97436
0.15641,0.77817,0.97436
0.18123,0.86311,0.97436
0.20606,0.92742,0.97436
0.23088,0.96817,0.97436
0.25571,0.98241,0.97436
0.28178,0.98241,0.97436
0.30785,0.98241,0.97436
0.33392,0.98241,0.97436
0.36,0.98241,0.97436
0.38607,0.98241,0.97436
0.41214,0.98241,0.97436
0.43822,0.98241,0.97436
0.46429,0.98241,0.97436
0.49036,0.98241,0.97436
0.51644,0.98241,0.97436
0.54251,0.98241,0.97436
0.56858,0.98241,0.97436
0.59465,0.98241,0.97436
0.61995,0.98148,0.97436
0.64524,0.97868,0.97436
0.67054,0.97398,0.97436
0.69583,0.96731,0.97436
0.72113,0.95859,0.97436
0.74642,0.94771,0.97436
0.77172,0.93448,0.97436
0.79701,0.9187,0.97436
0.8223,0.90004,0.97436
0.8476,0.87809,0.97436
0.87289,0.8522,0.97436
0.89819,0.82141,0.97436
0.92348,0.78409,0.97436
0.94878,0.73709,0.97436
0.97407,0.67235,0.97436
0.99937,0.50686,0.97436
0.0,0.0,1.0
0.026,0.15631,1.0
0.05199,0.30677,1.0
0.07799,0.44887,1.0
0.10399,0.58011,1.0
0.12998,0.69801,1.0
0.15598,0.80007,1.0
0.18197,0.8838,1.0
0.20797,0.94669,1.0
0.23397,0.98625,1.0
0.25996,1.0,1.0
0.28576,1.0,1.0
0.31156,1.0,1.0
0.33735,1.0,1.0
0.36315,1.0,1.0
0.38895,1.0,1.0
0.41474,1.0,1.0
0.44054,1.0,1.0
0.46634,1.0,1.0
0.49213,1.0,1.0
0.51793,1.0,1.0
0.54373,1.0,1.0
0.56953,1.0,1.0
0.59532,1.0,1.0
0.62061,0.99907,1.0
0.64591,0.99631,1.0
0.6712,0.99165,1.0
0.69649,0.98506,1.0
0.72178,0.97644,1.0
0.74708,0.96567,1.0
0.77237,0.95258,1.0
0.79766,0.93697,1.0
0.82295,0.91852,1.0
0.84825,0.8968,1.0
0.87354,0.87118,1.0
0.89883,0.84073,1.0
0.92412,0.8038,1.0
0.94941,0.75731,1.0
0.97471,0.69326,1.0
1.0,0.52955,1.0
