0.07886,0.0,0.0
0.1013,0.0,0.0
0.12375,0.0,0.0
0.1462,0.0,0.0
0.16865,0.0,0.0
0.1911,0.0,0.0
0.21355,0.0,0.0
0.23599,0.0,0.0
0.25844,0.0,0.0
0.28089,0.0,0.0
0.30334,0.0,0.0
0.32579,0.0,0.0
0.34823,0.0,0.0
0.37068,0.0,0.0
0.39313,0.0,0.0
0.41558,0.0,0.0
0.43803,0.0,0.0
0.46047,0.0,0.0
0.48292,0.0,0.0
0.50537,0.0,0.0
0.52782,0.0,0.0
0.55027,0.0,0.0
0.57271,0.0,0.0
0.59516,0.0,0.0
0.61761,0.0,0.0
0.64006,0.0,0.0
0.66251,0.0,0.0
0.68495,0.0,0.0
0.7074,0.0,0.0
0.72985,0.0,0.0
0.7523,0.0,0.0
0.77475,0.0,0.0
0.79719,0.0,0.0
0.81964,0.0,0.0
0.84209,0.0,0.0
0.86454,0.0,0.0
0.88699,0.0,0.0
0.90943,0.0,0.0
0.93188,0.0,0.0
0.95433,0.0,0.0
0.05815,0.0,0.02564
0.08116,0.09957,0.02564
0.10417,0.12793,0.02564
0.12717,0.10875,0.02564
0.15018,0.06571,0.02564
0.17319,0.02251,0.02564
0.1962,0.00286,0.02564
0.21959,0.00286,0.02564
0.24298,0.00286,0.02564
0.26637,0.00286,0.02564
0.28976,0.00286,0.02564
0.31315,0.00286,0.02564
0.33654,0.00286,0.02564
0.35993,0.00286,0.02564
0.38332,0.00286,0.02564
0.40671,0.00286,0.02564
0.4301,0.00286,0.02564
0.45349,0.00286,0.02564
0.47688,0.00286,0.02564
0.50027,0.00286,0.02564
0.52366,0.00286,0.02564
0.54705,0.00286,0.02564
0.57044,0.00286,0.02564
0.59383,0.00286,0.02564
0.61722,0.00286,0.02564
0.64061,0.00286,0.02564
0.664,0.00286,0.02564
0.68739,0.00286,0.02564
0.71078,0.00286,0.02564
0.73417,0.00286,0.02564
0.75756,0.00286,0.02564
0.78095,0.00286,0.02564
0.80434,0.00286,0.02564
0.82726,0.00282,0.02564
0.85019,0.00273,0.02564
0.87311,0.00257,0.02564
0.89604,0.00235,0.02564
0.91896,0.002,0.02564
0.94188,0.00147,0.02564
0.96481,0.0,0.02564
0.04958,0.0,0.05128
0.07447,0.10559,0.05128
0.09937,0.13706,0.05128
0.12426,0.1189,0.05128
0.14916,0.07559,0.05128
0.17406,0.03165,0.05128
0.19895,0.01156,0.05128
0.22216,0.01156,0.05128
0.24538,0.01156,0.05128
0.26859,0.01156,0.05128
0.2918,0.01156,0.05128
0.31501,0.01156,0.05128
0.33823,0.01156,0.05128
0.36144,0.01156,0.05128
0.38465,0.01156,0.05128
0.40786,0.01156,0.05128
0.43108,0.01156,0.05128
0.45429,0.01156,0.05128
0.4775,0.01156,0.05128
0.50071,0.01156,0.05128
0.52393,0.01156,0.05128
0.54714,0.01156,0.05128
0.57035,0.01156,0.05128
0.59356,0.01156,0.05128
0.61678,0.01156,0.05128
0.63999,0.01156,0.05128
0.6632,0.01156,0.05128
0.68641,0.01156,0.05128
0.70963,0.01156,0.05128
0.73284,0.01156,0.05128
0.75605,0.01156,0.05128
0.77926,0.01156,0.05128
0.80247,0.01156,0.05128
0.82629,0.01143,0.05128
0.8501,0.01108,0.05128
0.87391,0.01044,0.05128
0.89772,0.00948,0.05128
0.92153,0.00809,0.05128
0.94534,0.00595,0.05128
0.96915,0.0,0.05128
0.04299,0.0,0.07693
0.06942,0.11039,0.07693
0.09584,0.14567,0.07693
0.12227,0.13038,0.07693
0.1487,0.08908,0.07693
0.17512,0.0463,0.07693
0.20155,0.02658,0.07693
0.22459,0.02658,0.07693
0.24763,0.02658,0.07693
0.27068,0.02658,0.07693
0.29372,0.02658,0.07693
0.31677,0.02658,0.07693
0.33981,0.02658,0.07693
0.36286,0.02658,0.07693
0.3859,0.02658,0.07693
0.40895,0.02658,0.07693
0.43199,0.02658,0.07693
0.45503,0.02658,0.07693
0.47808,0.02658,0.07693
0.50112,0.02658,0.07693
0.52417,0.02658,0.07693
0.54721,0.02658,0.07693
0.57026,0.02658,0.07693
0.5933,0.02658,0.07693
0.61635,0.02658,0.07693
0.63939,0.02658,0.07693
0.66243,0.02658,0.07693
0.68548,0.02658,0.07693
0.70852,0.02658,0.07693
0.73157,0.02658,0.07693
0.75461,0.02658,0.07693
0.77766,0.02658,0.07693
0.8007,0.02658,0.07693
0.82524,0.02631,0.07693
0.84978,0.02547,0.07693
0.87432,0.02401,0.07693
0.89886,0.02181,0.07693
0.9234,0.0186,0.07693
0.94794,0.01369,0.07693
0.97248,0.0,0.07693
0.03745,0.0,0.10256
0.06124,0.10355,0.10256
0.08503,0.14975,0.10256
0.10882,0.15369,0.10256
0.13261,0.13047,0.10256
0.1564,0.0952,0.10256
0.18019,0.06296,0.10256
0.20398,0.04886,0.10256
0.22778,0.04886,0.10256
0.25158,0.04886,0.10256
0.27538,0.04886,0.10256
0.29918,0.04886,0.10256
0.32299,0.04886,0.10256
0.34679,0.04886,0.10256
0.37059,0.04886,0.10256
0.39439,0.04886,0.10256
0.41819,0.04886,0.10256
0.44199,0.04886,0.10256
0.46579,0.04886,0.10256
0.4896,0.04886,0.10256
0.5134,0.04886,0.10256
0.5372,0.04886,0.10256
0.561,0.04886,0.10256
0.5848,0.04886,0.10256
0.6086,0.04886,0.10256
0.6324,0.04886,0.10256
0.65621,0.04886,0.10256
0.68001,0.04886,0.10256
0.70381,0.04886,0.10256
0.72761,0.04886,0.10256
0.75141,0.04886,0.10256
0.77521,0.04886,0.10256
0.79901,0.04886,0.10256
0.8242,0.04836,0.10256
0.84938,0.04682,0.10256
0.87456,0.04415,0.10256
0.89974,0.04009,0.10256
0.92492,0.0342,0.10256
0.9501,0.02517,0.10256
0.97529,0.0,0.10256
0.03256,0.0,0.12821
0.05737,0.10728,0.12821
0.08219,0.15872,0.12821
0.107,0.16867,0.12821
0.13181,0.15146,0.12821
0.15663,0.12141,0.12821
0.18144,0.09287,0.12821
0.20625,0.08017,0.12821
0.2299,0.08017,0.12821
0.25354,0.08017,0.12821
0.27719,0.08017,0.12821
0.30084,0.08017,0.12821
0.32449,0.08017,0.12821
0.34813,0.08017,0.12821
0.37178,0.08017,0.12821
0.39542,0.08017,0.12821
0.41907,0.08017,0.12821
0.44272,0.08017,0.12821
0.46636,0.08017,0.12821
0.49001,0.08017,0.12821
0.51366,0.08017,0.12821
0.5373,0.08017,0.12821
0.56095,0.08017,0.12821
0.5846,0.08017,0.12821
0.60824,0.08017,0.12821
0.63189,0.08017,0.12821
0.65554,0.08017,0.12821
0.67918,0.08017,0.12821
0.70283,0.08017,0.12821
0.72648,0.08017,0.12821
0.75012,0.08017,0.12821
0.77377,0.08017,0.12821
0.79742,0.08017,0.12821
0.82318,0.07935,0.12821
0.84894,0.07683,0.12821
0.87471,0.07244,0.12821
0.90047,0.0658,0.12821
0.92623,0.05611,0.12821
0.952,0.04129,0.12821
0.97776,0.0,0.12821
0.02814,0.0,0.15384
0.05389,0.11135,0.15384
0.07963,0.16973,0.15384
0.10538,0.18819,0.15384
0.13113,0.1798,0.15384
0.15687,0.15763,0.15384
0.18262,0.13474,0.15384
0.20837,0.12421,0.15384
0.23187,0.12421,0.15384
0.25537,0.12421,0.15384
0.27887,0.12421,0.15384
0.30237,0.12421,0.15384
0.32587,0.12421,0.15384
0.34937,0.12421,0.15384
0.37288,0.12421,0.15384
0.39638,0.12421,0.15384
0.41988,0.12421,0.15384
0.44338,0.12421,0.15384
0.46688,0.12421,0.15384
0.49038,0.12421,0.15384
0.51389,0.12421,0.15384
0.53739,0.12421,0.15384
0.56089,0.12421,0.15384
0.58439,0.12421,0.15384
0.60789,0.12421,0.15384
0.63139,0.12421,0.15384
0.6549,0.12421,0.15384
0.6784,0.12421,0.15384
0.7019,0.12421,0.15384
0.7254,0.12421,0.15384
0.7489,0.12421,0.15384
0.7724,0.12421,0.15384
0.7959,0.12421,0.15384
0.8222,0.12294,0.15384
0.8485,0.11903,0.15384
0.8748,0.11223,0.15384
0.9011,0.10193,0.15384
0.9274,0.08693,0.15384
0.9537,0.06398,0.15384
0.98,0.0,0.15384
0.02408,0.0,0.17949
0.05068,0.11643,0.17949
0.07729,0.18489,0.17949
0.1039,0.21635,0.17949
0.1305,0.22173,0.17949
0.15711,0.21202,0.17949
0.18371,0.19816,0.17949
0.21032,0.1911,0.17949
0.23369,0.1911,0.17949
0.25705,0.1911,0.17949
0.28042,0.1911,0.17949
0.30378,0.1911,0.17949
0.32715,0.1911,0.17949
0.35052,0.1911,0.17949
0.37388,0.1911,0.17949
0.39725,0.1911,0.17949
0.42062,0.1911,0.17949
0.44398,0.1911,0.17949
0.46735,0.1911,0.17949
0.49072,0.1911,0.17949
0.51408,0.1911,0.17949
0.53745,0.1911,0.17949
0.56082,0.1911,0.17949
0.58418,0.1911,0.17949
0.60755,0.1911,0.17949
0.63092,0.1911,0.17949
0.65428,0.1911,0.17949
0.67765,0.1911,0.17949
0.70102,0.1911,0.17949
0.72438,0.1911,0.17949
0.74775,0.1911,0.17949
0.77111,0.1911,0.17949
0.79448,0.1911,0.17949
0.82128,0.18914,0.17949
0.84807,0.18314,0.17949
0.87487,0.17267,0.17949
0.90166,0.15682,0.17949
0.92846,0.13375,0.17949
0.95526,0.09843,0.17949
0.98205,0.0,0.17949
0.02029,0.0,0.20513
0.0477,0.12458,0.20513
0.0751,0.21147,0.20513
0.1025,0.26741,0.20513
0.1299,0.29916,0.20513
0.15731,0.31348,0.20513
0.18471,0.31712,0.20513
0.21211,0.31683,0.20513
0.23535,0.31683,0.20513
0.25859,0.31683,0.20513
0.28184,0.31683,0.20513
0.30508,0.31683,0.20513
0.32832,0.31683,0.20513
0.35156,0.31683,0.20513
0.3748,0.31683,0.20513
0.39804,0.31683,0.20513
0.42128,0.31683,0.20513
0.44453,0.31683,0.20513
0.46777,0.31683,0.20513
0.49101,0.31683,0.20513
0.51425,0.31683,0.20513
0.53749,0.31683,0.20513
0.56073,0.31683,0.20513
0.58397,0.31683,0.20513
0.60721,0.31683,0.20513
0.63046,0.31683,0.20513
0.6537,0.31683,0.20513
0.67694,0.31683,0.20513
0.70018,0.31683,0.20513
0.72342,0.31683,0.20513
0.74666,0.31683,0.20513
0.7699,0.31683,0.20513
0.79315,0.31683,0.20513
0.82041,0.31358,0.20513
0.84767,0.30362,0.20513
0.87493,0.28626,0.20513
0.90219,0.26001,0.20513
0.92945,0.22173,0.20513
0.95671,0.16319,0.20513
0.98396,0.0,0.20513
0.01674,0.0,0.23077
0.04137,0.11832,0.23077
0.06599,0.21669,0.23077
0.09062,0.2964,0.23077
0.11524,0.35873,0.23077
0.13987,0.40496,0.23077
0.16449,0.4364,0.23077
0.18912,0.45432,0.23077
0.21375,0.46,0.23077
0.23888,0.46,0.23077
0.26402,0.46,0.23077
0.28916,0.46,0.23077
0.31429,0.46,0.23077
0.33943,0.46,0.23077
0.36457,0.46,0.23077
0.3897,0.46,0.23077
0.41484,0.46,0.23077
0.43998,0.46,0.23077
0.46512,0.46,0.23077
0.49025,0.46,0.23077
0.51539,0.46,0.23077
0.54053,0.46,0.23077
0.56566,0.46,0.23077
0.5908,0.46,0.23077
0.61594,0.46,0.23077
0.64108,0.46,0.23077
0.66621,0.46,0.23077
0.69135,0.46,0.23077
0.71649,0.46,0.23077
0.74162,0.46,0.23077
0.76676,0.46,0.23077
0.7919,0.46,0.23077
0.81613,0.45639,0.23077
0.84037,0.4454,0.23077
0.8646,0.42643,0.23077
0.88883,0.39837,0.23077
0.91306,0.35909,0.23077
0.9373,0.30426,0.23077
0.96153,0.22269,0.23077
0.98576,0.0,0.23077
0.01338,0.0,0.25641
0.03861,0.12535,0.25641
0.06384,0.24035,0.25641
0.08907,0.34304,0.25641
0.1143,0.43145,0.25641
0.13953,0.50364,0.25641
0.16476,0.55762,0.25641
0.18999,0.59146,0.25641
0.21522,0.60317,0.25641
0.24024,0.60317,0.25641
0.26526,0.60317,0.25641
0.29029,0.60317,0.25641
0.31531,0.60317,0.25641
0.34033,0.60317,0.25641
0.36535,0.60317,0.25641
0.39038,0.60317,0.25641
0.4154,0.60317,0.25641
0.44042,0.60317,0.25641
0.46544,0.60317,0.25641
0.49047,0.60317,0.25641
0.51549,0.60317,0.25641
0.54051,0.60317,0.25641
0.56553,0.60317,0.25641
0.59056,0.60317,0.25641
0.61558,0.60317,0.25641
0.6406,0.60317,0.25641
0.66563,0.60317,0.25641
0.69065,0.60317,0.25641
0.71567,0.60317,0.25641
0.74069,0.60317,0.25641
0.76572,0.60317,0.25641
0.79074,0.60317,0.25641
0.81533,0.59844,0.25641
0.83992,0.58402,0.25641
0.86451,0.55916,0.25641
0.8891,0.52237,0.25641
0.91369,0.47085,0.25641
0.93828,0.39897,0.25641
0.96287,0.29201,0.25641
0.98746,0.0,0.25641
0.01019,0.0,0.28205
0.03598,0.13232,0.28205
0.06177,0.26393,0.28205
0.08757,0.38961,0.28205
0.11336,0.50412,0.28205
0.13915,0.60227,0.28205
0.16494,0.67884,0.28205
0.19074,0.7286,0.28205
0.21653,0.74634,0.28205
0.24145,0.74634,0.28205
0.26637,0.74634,0.28205
0.29129,0.74634,0.28205
0.31621,0.74634,0.28205
0.34113,0.74634,0.28205
0.36604,0.74634,0.28205
0.39096,0.74634,0.28205
0.41588,0.74634,0.28205
0.4408,0.74634,0.28205
0.46572,0.74634,0.28205
0.49064,0.74634,0.28205
0.51556,0.74634,0.28205
0.54048,0.74634,0.28205
0.5654,0.74634,0.28205
0.59032,0.74634,0.28205
0.61523,0.74634,0.28205
0.64015,0.74634,0.28205
0.66507,0.74634,0.28205
0.68999,0.74634,0.28205
0.71491,0.74634,0.28205
0.73983,0.74634,0.28205
0.76475,0.74634,0.28205
0.78967,0.74634,0.28205
0.81459,0.74049,0.28205
0.83952,0.72264,0.28205
0.86445,0.69189,0.28205
0.88937,0.64635,0.28205
0.9143,0.58262,0.28205
0.93923,0.49366,0.28205
0.96415,0.36132,0.28205
0.98908,0.0,0.28205
0.00713,0.0,0.30769
0.03345,0.13863,0.30769
0.05977,0.2851,0.30769
0.08609,0.43131,0.30769
0.11241,0.56913,0.30769
0.13873,0.69046,0.30769
0.16505,0.78718,0.30769
0.19136,0.85115,0.30769
0.21768,0.87429,0.30769
0.24251,0.87429,0.30769
0.26734,0.87429,0.30769
0.29216,0.87429,0.30769
0.31699,0.87429,0.30769
0.34181,0.87429,0.30769
0.36664,0.87429,0.30769
0.39147,0.87429,0.30769
0.41629,0.87429,0.30769
0.44112,0.87429,0.30769
0.46594,0.87429,0.30769
0.49077,0.87429,0.30769
0.5156,0.87429,0.30769
0.54042,0.87429,0.30769
0.56525,0.87429,0.30769
0.59008,0.87429,0.30769
0.6149,0.87429,0.30769
0.63973,0.87429,0.30769
0.66455,0.87429,0.30769
0.68938,0.87429,0.30769
0.71421,0.87429,0.30769
0.73903,0.87429,0.30769
0.76386,0.87429,0.30769
0.78868,0.87429,0.30769
0.81393,0.86743,0.30769
0.83917,0.84652,0.30769
0.86441,0.81048,0.30769
0.88965,0.75715,0.30769
0.9149,0.68248,0.30769
0.94014,0.57828,0.30769
0.96538,0.42326,0.30769
0.99063,0.0,0.30769
0.0042,0.0,0.33333
0.03101,0.14263,0.33333
0.05782,0.29794,0.33333
0.08463,0.45615,0.33333
0.11144,0.60752,0.33333
0.13825,0.74225,0.33333
0.16506,0.85058,0.33333
0.19187,0.92274,0.33333
0.21868,0.94897,0.33333
0.24342,0.94897,0.33333
0.26816,0.94897,0.33333
0.29291,0.94897,0.33333
0.31765,0.94897,0.33333
0.3424,0.94897,0.33333
0.36714,0.94897,0.33333
0.39188,0.94897,0.33333
0.41663,0.94897,0.33333
0.44137,0.94897,0.33333
0.46612,0.94897,0.33333
0.49086,0.94897,0.33333
0.5156,0.94897,0.33333
0.54035,0.94897,0.33333
0.56509,0.94897,0.33333
0.58984,0.94897,0.33333
0.61458,0.94897,0.33333
0.63932,0.94897,0.33333
0.66407,0.94897,0.33333
0.68881,0.94897,0.33333
0.71356,0.94897,0.33333
0.7383,0.94897,0.33333
0.76304,0.94897,0.33333
0.78779,0.94897,0.33333
0.81333,0.94153,0.33333
0.83887,0.91883,0.33333
0.86441,0.87972,0.33333
0.88995,0.82183,0.33333
0.91549,0.74079,0.33333
0.94103,0.62768,0.33333
0.96657,0.45942,0.33333
0.99211,0.0,0.33333
0.00139,0.0,0.35898
0.02865,0.14567,0.35898
0.05592,0.30725,0.35898
0.08318,0.47385,0.35898
0.11045,0.63457,0.35898
0.13771,0.77854,0.35898
0.16498,0.89485,0.35898
0.19224,0.97262,0.35898
0.21951,1.0,0.35898
0.24418,1.0,0.35898
0.26885,1.0,0.35898
0.29353,1.0,0.35898
0.3182,1.0,0.35898
0.34287,1.0,0.35898
0.36754,1.0,0.35898
0.39222,1.0,0.35898
0.41689,1.0,0.35898
0.44156,1.0,0.35898
0.46624,1.0,0.35898
0.49091,1.0,0.35898
0.51558,1.0,0.35898
0.54025,1.0,0.35898
0.56493,1.0,0.35898
0.5896,1.0,0.35898
0.61427,1.0,0.35898
0.63894,1.0,0.35898
0.66362,1.0,0.35898
0.68829,1.0,0.35898
0.71296,1.0,0.35898
0.73763,1.0,0.35898
0.76231,1.0,0.35898
0.78698,1.0,0.35898
0.8128,0.99311,0.35898
0.83862,0.96918,0.35898
0.86444,0.92792,0.35898
0.89026,0.86687,0.35898
0.91608,0.78138,0.35898
0.94189,0.66208,0.35898
0.96771,0.48459,0.35898
0.99353,0.0,0.35898
0.00039,0.0,0.38461
0.02787,0.14739,0.38461
0.05534,0.31343,0.38461
0.08281,0.48632,0.38461
0.11029,0.65423,0.38461
0.13776,0.80538,0.38461
0.16524,0.92796,0.38461
0.19271,1.0,0.38461
0.22018,1.0,0.38461
0.24479,1.0,0.38461
0.26941,1.0,0.38461
0.29402,1.0,0.38461
0.31863,1.0,0.38461
0.34324,1.0,0.38461
0.36785,1.0,0.38461
0.39247,1.0,0.38461
0.41708,1.0,0.38461
0.44169,1.0,0.38461
0.4663,1.0,0.38461
0.49091,1.0,0.38461
0.51553,1.0,0.38461
0.54014,1.0,0.38461
0.56475,1.0,0.38461
0.58936,1.0,0.38461
0.61398,1.0,0.38461
0.63859,1.0,0.38461
0.6632,1.0,0.38461
0.68781,1.0,0.38461
0.71242,1.0,0.38461
0.73704,1.0,0.38461
0.76165,1.0,0.38461
0.78626,1.0,0.38461
0.81234,1.0,0.38461
0.83842,1.0,0.38461
0.8645,0.96428,0.38461
0.89058,0.90083,0.38461
0.91667,0.81199,0.38461
0.94275,0.68802,0.38461
0.96883,0.50357,0.38461
0.99491,0.0,0.38461
0.00014,0.0,0.41026
0.02771,0.14849,0.41026
0.05528,0.31785,0.41026
0.08285,0.49557,0.41026
0.11042,0.6691,0.41026
0.13799,0.8259,0.41026
0.16556,0.95341,0.41026
0.19312,1.0,0.41026
0.22069,1.0,0.41026
0.24526,1.0,0.41026
0.26982,1.0,0.41026
0.29438,1.0,0.41026
0.31894,1.0,0.41026
0.34351,1.0,0.41026
0.36807,1.0,0.41026
0.39263,1.0,0.41026
0.41719,1.0,0.41026
0.44175,1.0,0.41026
0.46632,1.0,0.41026
0.49088,1.0,0.41026
0.51544,1.0,0.41026
0.54,1.0,0.41026
0.56457,1.0,0.41026
0.58913,1.0,0.41026
0.61369,1.0,0.41026
0.63825,1.0,0.41026
0.66282,1.0,0.41026
0.68738,1.0,0.41026
0.71194,1.0,0.41026
0.7365,1.0,0.41026
0.76107,1.0,0.41026
0.78563,1.0,0.41026
0.81195,1.0,0.41026
0.83828,1.0,0.41026
0.86461,0.99236,0.41026
0.89093,0.92706,0.41026
0.91726,0.83564,0.41026
0.94359,0.70806,0.41026
0.96991,0.51825,0.41026
0.99624,0.0,0.41026
1e-05,0.0,0.4359
0.02764,0.14932,0.4359
0.05527,0.32126,0.4359
0.0829,0.5027,0.4359
0.11053,0.68055,0.4359
0.13816,0.84169,0.4359
0.16579,0.97302,0.4359
0.19342,1.0,0.4359
0.22105,1.0,0.4359
0.24557,1.0,0.4359
0.27009,1.0,0.4359
0.29462,1.0,0.4359
0.31914,1.0,0.4359
0.34366,1.0,0.4359
0.36819,1.0,0.4359
0.39271,1.0,0.4359
0.41723,1.0,0.4359
0.44176,1.0,0.4359
0.46628,1.0,0.4359
0.4908,1.0,0.4359
0.51533,1.0,0.4359
0.53985,1.0,0.4359
0.56437,1.0,0.4359
0.5889,1.0,0.4359
0.61342,1.0,0.4359
0.63794,1.0,0.4359
0.66247,1.0,0.4359
0.68699,1.0,0.4359
0.71151,1.0,0.4359
0.73604,1.0,0.4359
0.76056,1.0,0.4359
0.78508,1.0,0.4359
0.81164,1.0,0.4359
0.8382,1.0,0.4359
0.86475,1.0,0.4359
0.89131,0.94727,0.4359
0.91786,0.85386,0.4359
0.94442,0.72349,0.4359
0.97097,0.52954,0.4359
0.99753,0.0,0.4359
0.0,0.0,0.46154
0.02766,0.14996,0.46154
0.05531,0.32381,0.46154
0.08296,0.50806,0.46154
0.11062,0.68913,0.46154
0.13827,0.85354,0.46154
0.16593,0.98772,0.46154
0.19358,1.0,0.46154
0.22124,1.0,0.46154
0.24573,1.0,0.46154
0.27023,1.0,0.46154
0.29472,1.0,0.46154
0.31922,1.0,0.46154
0.34371,1.0,0.46154
0.36821,1.0,0.46154
0.39271,1.0,0.46154
0.4172,1.0,0.46154
0.44169,1.0,0.46154
0.46619,1.0,0.46154
0.49069,1.0,0.46154
0.51518,1.0,0.46154
0.53968,1.0,0.46154
0.56417,1.0,0.46154
0.58867,1.0,0.46154
0.61316,1.0,0.46154
0.63766,1.0,0.46154
0.66215,1.0,0.46154
0.68665,1.0,0.46154
0.71114,1.0,0.46154
0.73564,1.0,0.46154
0.76013,1.0,0.46154
0.78463,1.0,0.46154
0.8114,1.0,0.46154
0.83817,1.0,0.46154
0.86494,1.0,0.46154
0.89171,0.96242,0.46154
0.91847,0.86751,0.46154
0.94524,0.73505,0.46154
0.97201,0.53801,0.46154
0.99878,0.0,0.46154
0.00011,0.0,0.48718
0.02776,0.15041,0.48718
0.0554,0.32563,0.48718
0.08305,0.51185,0.48718
0.11069,0.69522,0.48718
0.13834,0.8619,0.48718
0.16598,0.99809,0.48718
0.19363,1.0,0.48718
0.22127,1.0,0.48718
0.24575,1.0,0.48718
0.27023,1.0,0.48718
0.2947,1.0,0.48718
0.31918,1.0,0.48718
0.34366,1.0,0.48718
0.36814,1.0,0.48718
0.39262,1.0,0.48718
0.41709,1.0,0.48718
0.44157,1.0,0.48718
0.46605,1.0,0.48718
0.49053,1.0,0.48718
0.515,1.0,0.48718
0.53948,1.0,0.48718
0.56396,1.0,0.48718
0.58844,1.0,0.48718
0.61292,1.0,0.48718
0.63739,1.0,0.48718
0.66187,1.0,0.48718
0.68635,1.0,0.48718
0.71083,1.0,0.48718
0.7353,1.0,0.48718
0.75978,1.0,0.48718
0.78426,1.0,0.48718
0.81123,1.0,0.48718
0.83819,1.0,0.48718
0.86516,1.0,0.48718
0.89213,0.9731,0.48718
0.9191,0.87714,0.48718
0.94606,0.74322,0.48718
0.97303,0.54398,0.48718
1.0,0.0,0.48718
0.00034,0.0,0.51282
0.02794,0.15072,0.51282
0.05554,0.3268,0.51282
0.08314,0.51423,0.51282
0.11074,0.69899,0.51282
0.13834,0.86709,0.51282
0.16594,1.0,0.51282
0.19354,1.0,0.51282
0.22114,1.0,0.51282
0.24561,1.0,0.51282
0.27008,1.0,0.51282
0.29456,1.0,0.51282
0.31903,1.0,0.51282
0.3435,1.0,0.51282
0.36797,1.0,0.51282
0.39244,1.0,0.51282
0.41691,1.0,0.51282
0.44138,1.0,0.51282
0.46585,1.0,0.51282
0.49032,1.0,0.51282
0.5148,1.0,0.51282
0.53927,1.0,0.51282
0.56374,1.0,0.51282
0.58821,1.0,0.51282
0.61268,1.0,0.51282
0.63715,1.0,0.51282
0.66162,1.0,0.51282
0.68609,1.0,0.51282
0.71057,1.0,0.51282
0.73504,1.0,0.51282
0.75951,1.0,0.51282
0.78398,1.0,0.51282
0.81081,1.0,0.51282
0.83764,1.0,0.51282
0.86447,0.98522,0.51282
0.89131,0.87165,0.51282
0.91814,0.72562,0.51282
0.94497,0.54714,0.51282
0.9718,0.33621,0.51282
0.99864,0.09283,0.51282
0.0007,0.0,0.53846
0.02822,0.15088,0.53846
0.05574,0.32732,0.53846
0.08326,0.51526,0.53846
0.11077,0.70059,0.53846
0.1383,0.86924,0.53846
0.16581,1.0,0.53846
0.19334,1.0,0.53846
0.22085,1.0,0.53846
0.24533,1.0,0.53846
0.26981,1.0,0.53846
0.29428,1.0,0.53846
0.31876,1.0,0.53846
0.34323,1.0,0.53846
0.36771,1.0,0.53846
0.39218,1.0,0.53846
0.41666,1.0,0.53846
0.44113,1.0,0.53846
0.46561,1.0,0.53846
0.49008,1.0,0.53846
0.51456,1.0,0.53846
0.53903,1.0,0.53846
0.56351,1.0,0.53846
0.58798,1.0,0.53846
0.61246,1.0,0.53846
0.63693,1.0,0.53846
0.66141,1.0,0.53846
0.68588,1.0,0.53846
0.71036,1.0,0.53846
0.73483,1.0,0.53846
0.75931,1.0,0.53846
0.78379,1.0,0.53846
0.81034,1.0,0.53846
0.83689,1.0,0.53846
0.86345,1.0,0.53846
0.89,0.90439,0.53846
0.91656,0.77502,0.53846
0.94311,0.61692,0.53846
0.96966,0.43007,0.53846
0.99622,0.21446,0.53846
0.00117,0.0,0.5641
0.02857,0.15089,0.5641
0.05598,0.32723,0.5641
0.08338,0.51496,0.5641
0.11079,0.70004,0.5641
0.13819,0.86843,0.5641
0.1656,1.0,0.5641
0.193,1.0,0.5641
0.22041,1.0,0.5641
0.2449,1.0,0.5641
0.26939,1.0,0.5641
0.29388,1.0,0.5641
0.31837,1.0,0.5641
0.34286,1.0,0.5641
0.36735,1.0,0.5641
0.39184,1.0,0.5641
0.41633,1.0,0.5641
0.44082,1.0,0.5641
0.46531,1.0,0.5641
0.4898,1.0,0.5641
0.51429,1.0,0.5641
0.53878,1.0,0.5641
0.56327,1.0,0.5641
0.58776,1.0,0.5641
0.61225,1.0,0.5641
0.63674,1.0,0.5641
0.66123,1.0,0.5641
0.68572,1.0,0.5641
0.71021,1.0,0.5641
0.7347,1.0,0.5641
0.75919,1.0,0.5641
0.78368,1.0,0.5641
0.80995,1.0,0.5641
0.83621,1.0,0.5641
0.86247,1.0,0.5641
0.88874,0.93383,0.5641
0.915,0.82176,0.5641
0.94127,0.68477,0.5641
0.96753,0.52288,0.5641
0.9938,0.33609,0.5641
0.00176,0.0,0.58974
0.02902,0.15077,0.58974
0.05627,0.32651,0.58974
0.08353,0.51332,0.58974
0.11078,0.69733,0.58974
0.13804,0.86462,0.58974
0.16529,1.0,0.58974
0.19254,1.0,0.58974
0.2198,1.0,0.58974
0.24431,1.0,0.58974
0.26883,1.0,0.58974
0.29335,1.0,0.58974
0.31786,1.0,0.58974
0.34238,1.0,0.58974
0.36689,1.0,0.58974
0.39141,1.0,0.58974
0.41593,1.0,0.58974
0.44044,1.0,0.58974
0.46496,1.0,0.58974
0.48947,1.0,0.58974
0.51399,1.0,0.58974
0.53851,1.0,0.58974
0.56302,1.0,0.58974
0.58754,1.0,0.58974
0.61205,1.0,0.58974
0.63657,1.0,0.58974
0.66108,1.0,0.58974
0.6856,1.0,0.58974
0.71012,1.0,0.58974
0.73463,1.0,0.58974
0.75915,1.0,0.58974
0.78366,1.0,0.58974
0.80963,1.0,0.58974
0.83559,1.0,0.58974
0.86156,1.0,0.58974
0.88752,0.95114,0.58974
0.91349,0.85201,0.58974
0.93945,0.73086,0.58974
0.96541,0.58768,0.58974
0.99138,0.42247,0.58974
0.00248,0.0,0.61539
0.02955,0.15058,0.61539
0.05662,0.32552,0.61539
0.08369,0.5111,0.61539
0.11076,0.69365,0.61539
0.13782,0.85946,0.61539
0.16489,0.99485,0.61539
0.19196,1.0,0.61539
0.21903,1.0,0.61539
0.24358,1.0,0.61539
0.26814,1.0,0.61539
0.29269,1.0,0.61539
0.31724,1.0,0.61539
0.34179,1.0,0.61539
0.36635,1.0,0.61539
0.3909,1.0,0.61539
0.41545,1.0,0.61539
0.44,1.0,0.61539
0.46455,1.0,0.61539
0.48911,1.0,0.61539
0.51366,1.0,0.61539
0.53821,1.0,0.61539
0.56276,1.0,0.61539
0.58732,1.0,0.61539
0.61187,1.0,0.61539
0.63642,1.0,0.61539
0.66097,1.0,0.61539
0.68552,1.0,0.61539
0.71008,1.0,0.61539
0.73463,1.0,0.61539
0.75918,1.0,0.61539
0.78373,1.0,0.61539
0.80939,1.0,0.61539
0.83504,1.0,0.61539
0.86069,1.0,0.61539
0.88635,0.95462,0.61539
0.912,0.86182,0.61539
0.93765,0.74841,0.61539
0.96331,0.61436,0.61539
0.98896,0.45971,0.61539
0.00332,0.0,0.64102
0.03017,0.15044,0.64102
0.05701,0.32457,0.64102
0.08386,0.50892,0.64102
0.11071,0.69,0.64102
0.13756,0.85432,0.64102
0.16441,0.98838,0.64102
0.19125,1.0,0.64102
0.2181,1.0,0.64102
0.2427,1.0,0.64102
0.2673,1.0,0.64102
0.2919,1.0,0.64102
0.3165,1.0,0.64102
0.3411,1.0,0.64102
0.3657,1.0,0.64102
0.3903,1.0,0.64102
0.4149,1.0,0.64102
0.4395,1.0,0.64102
0.4641,1.0,0.64102
0.4887,1.0,0.64102
0.5133,1.0,0.64102
0.5379,1.0,0.64102
0.5625,1.0,0.64102
0.5871,1.0,0.64102
0.6117,1.0,0.64102
0.6363,1.0,0.64102
0.6609,1.0,0.64102
0.68549,1.0,0.64102
0.71009,1.0,0.64102
0.73469,1.0,0.64102
0.75929,1.0,0.64102
0.78389,1.0,0.64102
0.80922,1.0,0.64102
0.83455,1.0,0.64102
0.85989,1.0,0.64102
0.88522,0.95356,0.64102
0.91055,0.86454,0.64102
0.93588,0.75574,0.64102
0.96121,0.62715,0.64102
0.98654,0.47879,0.64102
0.00428,0.0,0.66667
0.03087,0.15031,0.66667
0.05746,0.32368,0.66667
0.08405,0.5068,0.66667
0.11064,0.68639,0.66667
0.13724,0.8492,0.66667
0.16383,0.98193,0.66667
0.19042,1.0,0.66667
0.21701,1.0,0.66667
0.24167,1.0,0.66667
0.26633,1.0,0.66667
0.29099,1.0,0.66667
0.31564,1.0,0.66667
0.3403,1.0,0.66667
0.36496,1.0,0.66667
0.38962,1.0,0.66667
0.41428,1.0,0.66667
0.43893,1.0,0.66667
0.46359,1.0,0.66667
0.48825,1.0,0.66667
0.51291,1.0,0.66667
0.53756,1.0,0.66667
0.56222,1.0,0.66667
0.58688,1.0,0.66667
0.61154,1.0,0.66667
0.63619,1.0,0.66667
0.66085,1.0,0.66667
0.68551,1.0,0.66667
0.71017,1.0,0.66667
0.73482,1.0,0.66667
0.75948,1.0,0.66667
0.78414,1.0,0.66667
0.80914,1.0,0.66667
0.83414,1.0,0.66667
0.85913,1.0,0.66667
0.88413,0.9494,0.66667
0.90913,0.8624,0.66667
0.93413,0.75608,0.66667
0.95912,0.63042,0.66667
0.98412,0.48544,0.66667
0.00535,0.0,0.69231
0.03166,0.15022,0.69231
0.05796,0.3228,0.69231
0.08426,0.50469,0.69231
0.11056,0.68281,0.69231
0.13686,0.8441,0.69231
0.16316,0.97549,0.69231
0.18946,1.0,0.69231
0.21577,1.0,0.69231
0.24049,1.0,0.69231
0.26522,1.0,0.69231
0.28995,1.0,0.69231
0.31467,1.0,0.69231
0.3394,1.0,0.69231
0.36412,1.0,0.69231
0.38885,1.0,0.69231
0.41358,1.0,0.69231
0.4383,1.0,0.69231
0.46303,1.0,0.69231
0.48776,1.0,0.69231
0.51248,1.0,0.69231
0.53721,1.0,0.69231
0.56194,1.0,0.69231
0.58666,1.0,0.69231
0.61139,1.0,0.69231
0.63612,1.0,0.69231
0.66084,1.0,0.69231
0.68557,1.0,0.69231
0.71029,1.0,0.69231
0.73502,1.0,0.69231
0.75975,1.0,0.69231
0.78447,1.0,0.69231
0.80913,1.0,0.69231
0.83378,1.0,0.69231
0.85843,1.0,0.69231
0.88309,0.94257,0.69231
0.90774,0.85612,0.69231
0.93239,0.75045,0.69231
0.95705,0.62556,0.69231
0.9817,0.48147,0.69231
0.00655,0.0,0.71795
0.03253,0.15012,0.71795
0.05851,0.32193,0.71795
0.08448,0.5026,0.71795
0.11046,0.67924,0.71795
0.13643,0.83901,0.71795
0.16241,0.96905,0.71795
0.18838,1.0,0.71795
0.21436,1.0,0.71795
0.23813,1.0,0.71795
0.2619,1.0,0.71795
0.28568,1.0,0.71795
0.30945,1.0,0.71795
0.33322,1.0,0.71795
0.35699,1.0,0.71795
0.38076,1.0,0.71795
0.40454,1.0,0.71795
0.42831,1.0,0.71795
0.45208,1.0,0.71795
0.47585,1.0,0.71795
0.49963,1.0,0.71795
0.5234,1.0,0.71795
0.54717,1.0,0.71795
0.57094,1.0,0.71795
0.59472,1.0,0.71795
0.61849,1.0,0.71795
0.64226,1.0,0.71795
0.66603,1.0,0.71795
0.68981,1.0,0.71795
0.71358,1.0,0.71795
0.73735,1.0,0.71795
0.76112,1.0,0.71795
0.7849,1.0,0.71795
0.81267,1.0,0.71795
0.84044,1.0,0.71795
0.8682,0.97575,0.71795
0.89597,0.88803,0.71795
0.92374,0.77527,0.71795
0.95151,0.63745,0.71795
0.97928,0.47456,0.71795
0.00788,0.0,0.74359
0.03349,0.15003,0.74359
0.0591,0.32108,0.74359
0.08472,0.50051,0.74359
0.11033,0.67567,0.74359
0.13595,0.83392,0.74359
0.16156,0.96262,0.74359
0.18717,1.0,0.74359
0.21279,1.0,0.74359
0.23665,1.0,0.74359
0.26051,1.0,0.74359
0.28437,1.0,0.74359
0.30823,1.0,0.74359
0.33208,1.0,0.74359
0.35594,1.0,0.74359
0.3798,1.0,0.74359
0.40366,1.0,0.74359
0.42752,1.0,0.74359
0.45138,1.0,0.74359
0.47524,1.0,0.74359
0.4991,1.0,0.74359
0.52296,1.0,0.74359
0.54682,1.0,0.74359
0.57068,1.0,0.74359
0.59453,1.0,0.74359
0.61839,1.0,0.74359
0.64225,1.0,0.74359
0.66611,1.0,0.74359
0.68997,1.0,0.74359
0.71383,1.0,0.74359
0.73769,1.0,0.74359
0.76155,1.0,0.74359
0.78541,1.0,0.74359
0.81276,1.0,0.74359
0.84011,1.0,0.74359
0.86746,0.96814,0.74359
0.89481,0.88055,0.74359
0.92216,0.76795,0.74359
0.94951,0.63031,0.74359
0.97686,0.46766,0.74359
0.00932,0.0,0.76923
0.03454,0.14992,0.76923
0.05975,0.3202,0.76923
0.08497,0.49839,0.76923
0.11019,0.67208,0.76923
0.13541,0.82882,0.76923
0.16062,0.95617,0.76923
0.18584,1.0,0.76923
0.21106,1.0,0.76923
0.23502,1.0,0.76923
0.25897,1.0,0.76923
0.28293,1.0,0.76923
0.30688,1.0,0.76923
0.33084,1.0,0.76923
0.3548,1.0,0.76923
0.37875,1.0,0.76923
0.40271,1.0,0.76923
0.42666,1.0,0.76923
0.45062,1.0,0.76923
0.47458,1.0,0.76923
0.49853,1.0,0.76923
0.52249,1.0,0.76923
0.54644,1.0,0.76923
0.5704,1.0,0.76923
0.59436,1.0,0.76923
0.61831,1.0,0.76923
0.64227,1.0,0.76923
0.66622,1.0,0.76923
0.69018,1.0,0.76923
0.71414,1.0,0.76923
0.73809,1.0,0.76923
0.76205,1.0,0.76923
0.786,1.0,0.76923
0.81292,1.0,0.76923
0.83984,1.0,0.76923
0.86676,0.96052,0.76923
0.89368,0.87307,0.76923
0.9206,0.76062,0.76923
0.94752,0.62318,0.76923
0.97444,0.46075,0.76923
0.01088,0.0,0.79487
0.03567,0.1498,0.79487
0.06045,0.31929,0.79487
0.08524,0.49626,0.79487
0.11003,0.66847,0.79487
0.13481,0.8237,0.79487
0.1596,0.94971,0.79487
0.18439,1.0,0.79487
0.20917,1.0,0.79487
0.23324,1.0,0.79487
0.2573,1.0,0.79487
0.28136,1.0,0.79487
0.30542,1.0,0.79487
0.32949,1.0,0.79487
0.35355,1.0,0.79487
0.37761,1.0,0.79487
0.40168,1.0,0.79487
0.42574,1.0,0.79487
0.4498,1.0,0.79487
0.47387,1.0,0.79487
0.49793,1.0,0.79487
0.52199,1.0,0.79487
0.54606,1.0,0.79487
0.57012,1.0,0.79487
0.59418,1.0,0.79487
0.61825,1.0,0.79487
0.64231,1.0,0.79487
0.66637,1.0,0.79487
0.69044,1.0,0.79487
0.7145,1.0,0.79487
0.73856,1.0,0.79487
0.76263,1.0,0.79487
0.78669,1.0,0.79487
0.81317,1.0,0.79487
0.83964,1.0,0.79487
0.86612,0.95291,0.79487
0.8926,0.86557,0.79487
0.91907,0.75328,0.79487
0.94555,0.61604,0.79487
0.97202,0.45385,0.79487
0.01257,0.0,0.82051
0.03689,0.14963,0.82051
0.06121,0.31833,0.82051
0.08552,0.49406,0.82051
0.10984,0.66481,0.82051
0.13416,0.81855,0.82051
0.15848,0.94324,0.82051
0.1828,1.0,0.82051
0.20712,1.0,0.82051
0.2313,1.0,0.82051
0.25548,1.0,0.82051
0.27967,1.0,0.82051
0.30385,1.0,0.82051
0.32803,1.0,0.82051
0.35221,1.0,0.82051
0.37639,1.0,0.82051
0.40057,1.0,0.82051
0.42475,1.0,0.82051
0.44893,1.0,0.82051
0.47311,1.0,0.82051
0.49729,1.0,0.82051
0.52147,1.0,0.82051
0.54565,1.0,0.82051
0.56984,1.0,0.82051
0.59402,1.0,0.82051
0.6182,1.0,0.82051
0.64238,1.0,0.82051
0.66656,1.0,0.82051
0.69074,1.0,0.82051
0.71492,1.0,0.82051
0.7391,1.0,0.82051
0.76328,1.0,0.82051
0.78746,1.0,0.82051
0.81348,1.0,0.82051
0.8395,1.0,0.82051
0.86552,0.9453,0.82051
0.89154,0.85809,0.82051
0.91756,0.74596,0.82051
0.94358,0.60891,0.82051
0.9696,0.44694,0.82051
0.01437,0.0,0.84616
0.04159,0.17255,0.84616
0.06881,0.36699,0.84616
0.09603,0.56567,0.84616
0.12325,0.75094,0.84616
0.15047,0.90513,0.84616
0.17769,1.0,0.84616
0.20491,1.0,0.84616
0.22825,1.0,0.84616
0.25159,1.0,0.84616
0.27492,1.0,0.84616
0.29826,1.0,0.84616
0.3216,1.0,0.84616
0.34493,1.0,0.84616
0.36827,1.0,0.84616
0.39161,1.0,0.84616
0.41494,1.0,0.84616
0.43828,1.0,0.84616
0.46161,1.0,0.84616
0.48495,1.0,0.84616
0.50829,1.0,0.84616
0.53162,1.0,0.84616
0.55496,1.0,0.84616
0.5783,1.0,0.84616
0.60163,1.0,0.84616
0.62497,1.0,0.84616
0.64831,1.0,0.84616
0.67164,1.0,0.84616
0.69498,1.0,0.84616
0.71832,1.0,0.84616
0.74165,1.0,0.84616
0.76499,1.0,0.84616
0.78833,1.0,0.84616
0.81388,1.0,0.84616
0.83943,0.9999,0.84616
0.86498,0.9377,0.84616
0.89053,0.85061,0.84616
0.91608,0.73863,0.84616
0.94163,0.60177,0.84616
0.96719,0.44004,0.84616
0.0163,0.0,0.87179
0.0429,0.17218,0.87179
0.06951,0.36553,0.87179
0.09612,0.56269,0.87179
0.12273,0.74628,0.87179
0.14933,0.89892,0.87179
0.17594,1.0,0.87179
0.20254,1.0,0.87179
0.22601,1.0,0.87179
0.24948,1.0,0.87179
0.27295,1.0,0.87179
0.29642,1.0,0.87179
0.31989,1.0,0.87179
0.34336,1.0,0.87179
0.36683,1.0,0.87179
0.3903,1.0,0.87179
0.41377,1.0,0.87179
0.43724,1.0,0.87179
0.46071,1.0,0.87179
0.48418,1.0,0.87179
0.50764,1.0,0.87179
0.53111,1.0,0.87179
0.55458,1.0,0.87179
0.57805,1.0,0.87179
0.60152,1.0,0.87179
0.62499,1.0,0.87179
0.64846,1.0,0.87179
0.67193,1.0,0.87179
0.6954,1.0,0.87179
0.71887,1.0,0.87179
0.74234,1.0,0.87179
0.76581,1.0,0.87179
0.78928,1.0,0.87179
0.81435,1.0,0.87179
0.83942,0.9922,0.87179
0.86449,0.93008,0.87179
0.88956,0.84311,0.87179
0.91463,0.7313,0.87179
0.9397,0.59465,0.87179
0.96476,0.43313,0.87179
0.01835,0.0,0.89744
0.0443,0.17171,0.89744
0.07025,0.36394,0.89744
0.0962,0.55958,0.89744
0.12216,0.74154,0.89744
0.14811,0.89268,0.89744
0.17406,0.99591,0.89744
0.20002,1.0,0.89744
0.22363,1.0,0.89744
0.24724,1.0,0.89744
0.27085,1.0,0.89744
0.29446,1.0,0.89744
0.31808,1.0,0.89744
0.34169,1.0,0.89744
0.3653,1.0,0.89744
0.38891,1.0,0.89744
0.41252,1.0,0.89744
0.43613,1.0,0.89744
0.45975,1.0,0.89744
0.48336,1.0,0.89744
0.50697,1.0,0.89744
0.53058,1.0,0.89744
0.55419,1.0,0.89744
0.57781,1.0,0.89744
0.60142,1.0,0.89744
0.62503,1.0,0.89744
0.64864,1.0,0.89744
0.67225,1.0,0.89744
0.69587,1.0,0.89744
0.71948,1.0,0.89744
0.74309,1.0,0.89744
0.7667,1.0,0.89744
0.79031,1.0,0.89744
0.81489,1.0,0.89744
0.83947,0.9845,0.89744
0.86404,0.92247,0.89744
0.88862,0.83563,0.89744
0.91319,0.72398,0.89744
0.93777,0.58751,0.89744
0.96235,0.42623,0.89744
0.02051,0.0,0.92307
0.04577,0.17113,0.92307
0.07103,0.3622,0.92307
0.09629,0.55632,0.92307
0.12155,0.73667,0.92307
0.14681,0.88637,0.92307
0.17207,0.98855,0.92307
0.19733,1.0,0.92307
0.22109,1.0,0.92307
0.24486,1.0,0.92307
0.26862,1.0,0.92307
0.29238,1.0,0.92307
0.31615,1.0,0.92307
0.33991,1.0,0.92307
0.36368,1.0,0.92307
0.38744,1.0,0.92307
0.41121,1.0,0.92307
0.43497,1.0,0.92307
0.45874,1.0,0.92307
0.4825,1.0,0.92307
0.50627,1.0,0.92307
0.53003,1.0,0.92307
0.55379,1.0,0.92307
0.57756,1.0,0.92307
0.60132,1.0,0.92307
0.62509,1.0,0.92307
0.64885,1.0,0.92307
0.67262,1.0,0.92307
0.69638,1.0,0.92307
0.72015,1.0,0.92307
0.74391,1.0,0.92307
0.76767,1.0,0.92307
0.79144,1.0,0.92307
0.81551,1.0,0.92307
0.83958,0.9768,0.92307
0.86365,0.91486,0.92307
0.88772,0.82815,0.92307
0.91179,0.71665,0.92307
0.93586,0.58038,0.92307
0.95993,0.41933,0.92307
0.0228,0.0,0.94872
0.04733,0.17042,0.94872
0.07185,0.36026,0.94872
0.09638,0.55288,0.94872
0.1209,0.73168,0.94872
0.14543,0.87998,0.94872
0.16995,0.98116,0.94872
0.19448,1.0,0.94872
0.2184,1.0,0.94872
0.24233,1.0,0.94872
0.26626,1.0,0.94872
0.29019,1.0,0.94872
0.31411,1.0,0.94872
0.33804,1.0,0.94872
0.36197,1.0,0.94872
0.38589,1.0,0.94872
0.40982,1.0,0.94872
0.43375,1.0,0.94872
0.45767,1.0,0.94872
0.4816,1.0,0.94872
0.50553,1.0,0.94872
0.52945,1.0,0.94872
0.55338,1.0,0.94872
0.57731,1.0,0.94872
0.60124,1.0,0.94872
0.62516,1.0,0.94872
0.64909,1.0,0.94872
0.67302,1.0,0.94872
0.69694,1.0,0.94872
0.72087,1.0,0.94872
0.7448,1.0,0.94872
0.76872,1.0,0.94872
0.79265,1.0,0.94872
0.8162,1.0,0.94872
0.83975,0.96911,0.94872
0.8633,0.90725,0.94872
0.88685,0.82065,0.94872
0.91041,0.70932,0.94872
0.93396,0.57324,0.94872
0.95751,0.41242,0.94872
0.02522,0.0,0.97436
0.04897,0.16953,0.97436
0.07272,0.35809,0.97436
0.09647,0.54924,0.97436
0.12022,0.72652,0.97436
0.14397,0.8735,0.97436
0.16772,0.97375,0.97436
0.19147,1.0,0.97436
0.21464,1.0,0.97436
0.23781,1.0,0.97436
0.26099,1.0,0.97436
0.28416,1.0,0.97436
0.30733,1.0,0.97436
0.3305,1.0,0.97436
0.35368,1.0,0.97436
0.37685,1.0,0.97436
0.40002,1.0,0.97436
0.42319,1.0,0.97436
0.44637,1.0,0.97436
0.46954,1.0,0.97436
0.49271,1.0,0.97436
0.51588,1.0,0.97436
0.53905,1.0,0.97436
0.56223,1.0,0.97436
0.5854,1.0,0.97436
0.60857,1.0,0.97436
0.63175,1.0,0.97436
0.65492,1.0,0.97436
0.67809,1.0,0.97436
0.70126,1.0,0.97436
0.72443,1.0,0.97436
0.74761,1.0,0.97436
0.77078,1.0,0.97436
0.79395,1.0,0.97436
0.82081,0.99401,0.97436
0.84766,0.94356,0.97436
0.87452,0.8595,0.97436
0.90138,0.7418,0.97436
0.92823,0.59047,0.97436
0.95509,0.40552,0.97436
0.02775,0.0,1.0
0.05451,0.19881,1.0
0.08126,0.41941,1.0
0.10802,0.63599,1.0
0.13478,0.82269,1.0
0.16154,0.95365,1.0
0.1883,1.0,1.0
0.21078,1.0,1.0
0.23327,1.0,1.0
0.25575,1.0,1.0
0.27823,1.0,1.0
0.30071,1.0,1.0
0.3232,1.0,1.0
0.34568,1.0,1.0
0.36816,1.0,1.0
0.39065,1.0,1.0
0.41313,1.0,1.0
0.43561,1.0,1.0
0.4581,1.0,1.0
0.48058,1.0,1.0
0.50306,1.0,1.0
0.52555,1.0,1.0
0.54803,1.0,1.0
0.57051,1.0,1.0
0.59299,1.0,1.0
0.61548,1.0,1.0
0.63796,1.0,1.0
0.66044,1.0,1.0
0.68293,1.0,1.0
0.70541,1.0,1.0
0.72789,1.0,1.0
0.75037,1.0,1.0
0.77286,1.0,1.0
0.79534,1.0,1.0
0.82156,0.98625,1.0
0.84778,0.93589,1.0
0.874,0.85194,1.0
0.90023,0.73441,1.0
0.92645,0.58331,1.0
0.95267,0.39861,1.0
