0.21287,0.0,0.0
0.23227,0.0,0.0
0.25167,0.0,0.0
0.27106,0.0,0.0
0.29046,0.0,0.0
0.30986,0.0,0.0
0.32926,0.0,0.0
0.34866,0.0,0.0
0.36805,0.0,0.0
0.38745,0.0,0.0
0.40685,0.0,0.0
0.42625,0.0,0.0
0.44565,0.0,0.0
0.46504,0.0,0.0
0.48444,0.0,0.0
0.50384,0.0,0.0
0.52324,0.0,0.0
0.54263,0.0,0.0
0.56203,0.0,0.0
0.58143,0.0,0.0
0.60083,0.0,0.0
0.62023,0.0,0.0
0.63962,0.0,0.0
0.65902,0.0,0.0
0.67842,0.0,0.0
0.69782,0.0,0.0
0.71722,0.0,0.0
0.73661,0.0,0.0
0.75601,0.0,0.0
0.77541,0.0,0.0
0.79481,0.0,0.0
0.8142,0.0,0.0
0.8336,0.0,0.0
0.853,0.0,0.0
0.8724,0.0,0.0
0.8918,0.0,0.0
0.91119,0.0,0.0
0.93059,0.0,0.0
0.94999,0.0,0.0
0.96939,0.0,0.0
0.1727,0.0,0.02564
0.19466,0.13219,0.02564
0.21662,0.23369,0.02564
0.23858,0.30853,0.02564
0.26054,0.36071,0.02564
0.2825,0.3943,0.02564
0.30446,0.4133,0.02564
0.32642,0.42174,0.02564
0.34838,0.42367,0.02564
0.3683,0.42367,0.02564
0.38823,0.42367,0.02564
0.40815,0.42367,0.02564
0.42808,0.42367,0.02564
0.448,0.42367,0.02564
0.46793,0.42367,0.02564
0.48785,0.42367,0.02564
0.50778,0.42367,0.02564
0.5277,0.42367,0.02564
0.54763,0.42367,0.02564
0.56755,0.42367,0.02564
0.58748,0.42367,0.02564
0.6074,0.42367,0.02564
0.62733,0.42367,0.02564
0.64725,0.42367,0.02564
0.66718,0.42367,0.02564
0.6871,0.42367,0.02564
0.70703,0.42367,0.02564
0.72695,0.42367,0.02564
0.74688,0.42367,0.02564
0.7668,0.42367,0.02564
0.78673,0.42367,0.02564
0.80665,0.42367,0.02564
0.82658,0.42367,0.02564
0.8465,0.42367,0.02564
0.86805,0.4119,0.02564
0.88959,0.3766,0.02564
0.91114,0.31775,0.02564
0.93268,0.23537,0.02564
0.95423,0.12945,0.02564
0.97577,0.0,0.02564
0.15606,0.0,0.05128
0.17833,0.13778,0.05128
0.2006,0.24917,0.05128
0.22286,0.3369,0.05128
0.24513,0.40369,0.05128
0.26739,0.45223,0.05128
0.28966,0.48527,0.05128
0.31192,0.5055,0.05128
0.33419,0.51564,0.05128
0.35646,0.51842,0.05128
0.37647,0.51842,0.05128
0.39649,0.51842,0.05128
0.4165,0.51842,0.05128
0.43652,0.51842,0.05128
0.45654,0.51842,0.05128
0.47655,0.51842,0.05128
0.49657,0.51842,0.05128
0.51658,0.51842,0.05128
0.5366,0.51842,0.05128
0.55661,0.51842,0.05128
0.57663,0.51842,0.05128
0.59665,0.51842,0.05128
0.61666,0.51842,0.05128
0.63668,0.51842,0.05128
0.65669,0.51842,0.05128
0.67671,0.51842,0.05128
0.69673,0.51842,0.05128
0.71674,0.51842,0.05128
0.73676,0.51842,0.05128
0.75677,0.51842,0.05128
0.77679,0.51842,0.05128
0.7968,0.51842,0.05128
0.81682,0.51842,0.05128
0.83684,0.51842,0.05128
0.86043,0.50402,0.05128
0.88403,0.46082,0.05128
0.90763,0.38882,0.05128
0.93122,0.28801,0.05128
0.95482,0.1584,0.05128
0.97842,0.0,0.05128
0.1433,0.0,0.07692
0.16538,0.1379,0.07692
0.18747,0.25035,0.07692
0.20955,0.33991,0.07692
0.23164,0.40918,0.07692
0.25373,0.4607,0.07692
0.27581,0.49709,0.07692
0.2979,0.52091,0.07692
0.31998,0.53471,0.07692
0.34207,0.54112,0.07692
0.36416,0.54268,0.07692
0.38522,0.54268,0.07692
0.40629,0.54268,0.07692
0.42736,0.54268,0.07692
0.44843,0.54268,0.07692
0.4695,0.54268,0.07692
0.49057,0.54268,0.07692
0.51164,0.54268,0.07692
0.53271,0.54268,0.07692
0.55378,0.54268,0.07692
0.57485,0.54268,0.07692
0.59592,0.54268,0.07692
0.61699,0.54268,0.07692
0.63806,0.54268,0.07692
0.65913,0.54268,0.07692
0.68019,0.54268,0.07692
0.70126,0.54268,0.07692
0.72233,0.54268,0.07692
0.7434,0.54268,0.07692
0.76447,0.54268,0.07692
0.78554,0.54268,0.07692
0.80661,0.54268,0.07692
0.82768,0.54268,0.07692
0.8495,0.5316,0.07692
0.87133,0.49838,0.07692
0.89315,0.44301,0.07692
0.91497,0.36547,0.07692
0.9368,0.2658,0.07692
0.95862,0.14397,0.07692
0.98044,0.0,0.07692
0.13253,0.0,0.10256
0.15426,0.13671,0.10256
0.17598,0.24892,0.10256
0.1977,0.33905,0.10256
0.21942,0.4095,0.10256
0.24114,0.46273,0.10256
0.26287,0.50112,0.10256
0.28459,0.5271,0.10256
0.30631,0.54311,0.10256
0.32803,0.55154,0.10256
0.34976,0.55483,0.10256
0.37148,0.55538,0.10256
0.39279,0.55538,0.10256
0.4141,0.55538,0.10256
0.43541,0.55538,0.10256
0.45673,0.55538,0.10256
0.47804,0.55538,0.10256
0.49935,0.55538,0.10256
0.52066,0.55538,0.10256
0.54197,0.55538,0.10256
0.56329,0.55538,0.10256
0.5846,0.55538,0.10256
0.60591,0.55538,0.10256
0.62722,0.55538,0.10256
0.64853,0.55538,0.10256
0.66985,0.55538,0.10256
0.69116,0.55538,0.10256
0.71247,0.55538,0.10256
0.73378,0.55538,0.10256
0.75509,0.55538,0.10256
0.77641,0.55538,0.10256
0.79772,0.55538,0.10256
0.81903,0.55538,0.10256
0.84233,0.54405,0.10256
0.86564,0.51005,0.10256
0.88894,0.45337,0.10256
0.91224,0.37404,0.10256
0.93555,0.27202,0.10256
0.95885,0.14735,0.10256
0.98215,0.0,0.10256
0.12305,0.0,0.1282
0.14627,0.14614,0.1282
0.16948,0.26481,0.1282
0.1927,0.35889,0.1282
0.21591,0.43122,0.1282
0.23913,0.48465,0.1282
0.26234,0.52202,0.1282
0.28556,0.54622,0.1282
0.30877,0.56007,0.1282
0.33199,0.56642,0.1282
0.35521,0.56814,0.1282
0.37842,0.56808,0.1282
0.40004,0.56808,0.1282
0.42167,0.56808,0.1282
0.44329,0.56808,0.1282
0.46491,0.56808,0.1282
0.48654,0.56808,0.1282
0.50816,0.56808,0.1282
0.52978,0.56808,0.1282
0.55141,0.56808,0.1282
0.57303,0.56808,0.1282
0.59465,0.56808,0.1282
0.61628,0.56808,0.1282
0.6379,0.56808,0.1282
0.65952,0.56808,0.1282
0.68115,0.56808,0.1282
0.70277,0.56808,0.1282
0.7244,0.56808,0.1282
0.74602,0.56808,0.1282
0.76764,0.56808,0.1282
0.78926,0.56808,0.1282
0.81089,0.56808,0.1282
0.83248,0.55921,0.1282
0.85408,0.53258,0.1282
0.87568,0.48819,0.1282
0.89727,0.42607,0.1282
0.91887,0.34618,0.1282
0.94047,0.24854,0.1282
0.96206,0.13315,0.1282
0.98366,0.0,0.1282
0.11448,0.0,0.15385
0.13702,0.1432,0.15385
0.15956,0.26082,0.15385
0.18211,0.35538,0.15385
0.20465,0.42937,0.15385
0.22719,0.48528,0.15385
0.24973,0.52562,0.15385
0.27227,0.5529,0.15385
0.29482,0.5696,0.15385
0.31736,0.57825,0.15385
0.3399,0.58133,0.15385
0.36244,0.58134,0.15385
0.38499,0.58078,0.15385
0.407,0.58078,0.15385
0.42902,0.58078,0.15385
0.45103,0.58078,0.15385
0.47304,0.58078,0.15385
0.49506,0.58078,0.15385
0.51707,0.58078,0.15385
0.53909,0.58078,0.15385
0.5611,0.58078,0.15385
0.58311,0.58078,0.15385
0.60513,0.58078,0.15385
0.62714,0.58078,0.15385
0.64916,0.58078,0.15385
0.67117,0.58078,0.15385
0.69318,0.58078,0.15385
0.7152,0.58078,0.15385
0.73721,0.58078,0.15385
0.75923,0.58078,0.15385
0.78124,0.58078,0.15385
0.80325,0.58078,0.15385
0.82598,0.57172,0.15385
0.8487,0.5445,0.15385
0.87142,0.49912,0.15385
0.89414,0.43559,0.15385
0.91686,0.35392,0.15385
0.93958,0.25409,0.15385
0.9623,0.13612,0.15385
0.98502,0.0,0.15385
0.10659,0.0,0.17949
0.13031,0.15084,0.17949
0.15402,0.27398,0.17949
0.17774,0.37219,0.17949
0.20145,0.44828,0.17949
0.22517,0.50501,0.17949
0.24888,0.54515,0.17949
0.2726,0.57151,0.17949
0.29631,0.58683,0.17949
0.32003,0.59391,0.17949
0.34374,0.59553,0.17949
0.36746,0.59447,0.17949
0.39117,0.5935,0.17949
0.41249,0.5935,0.17949
0.4338,0.5935,0.17949
0.45511,0.5935,0.17949
0.47643,0.5935,0.17949
0.49774,0.5935,0.17949
0.51905,0.5935,0.17949
0.54037,0.5935,0.17949
0.56168,0.5935,0.17949
0.58299,0.5935,0.17949
0.60431,0.5935,0.17949
0.62562,0.5935,0.17949
0.64693,0.5935,0.17949
0.66825,0.5935,0.17949
0.68956,0.5935,0.17949
0.71087,0.5935,0.17949
0.73219,0.5935,0.17949
0.7535,0.5935,0.17949
0.77481,0.5935,0.17949
0.79613,0.5935,0.17949
0.8199,0.58422,0.17949
0.84367,0.5564,0.17949
0.86743,0.51003,0.17949
0.8912,0.44512,0.17949
0.91497,0.36166,0.17949
0.93874,0.25965,0.17949
0.96251,0.1391,0.17949
0.98628,0.0,0.17949
0.09926,0.0,0.20513
0.12216,0.14695,0.20513
0.14506,0.26842,0.20513
0.16796,0.36682,0.20513
0.19087,0.44452,0.20513
0.21377,0.5039,0.20513
0.23667,0.54736,0.20513
0.25957,0.57729,0.20513
0.28247,0.59607,0.20513
0.30538,0.60607,0.20513
0.32828,0.60971,0.20513
0.35118,0.60935,0.20513
0.37408,0.60738,0.20513
0.39698,0.6062,0.20513
0.41879,0.6062,0.20513
0.4406,0.6062,0.20513
0.46241,0.6062,0.20513
0.48421,0.6062,0.20513
0.50602,0.6062,0.20513
0.52783,0.6062,0.20513
0.54963,0.6062,0.20513
0.57144,0.6062,0.20513
0.59325,0.6062,0.20513
0.61505,0.6062,0.20513
0.63686,0.6062,0.20513
0.65867,0.6062,0.20513
0.68047,0.6062,0.20513
0.70228,0.6062,0.20513
0.72409,0.6062,0.20513
0.7459,0.6062,0.20513
0.7677,0.6062,0.20513
0.78951,0.6062,0.20513
0.81425,0.59673,0.20513
0.83899,0.56831,0.20513
0.86373,0.52095,0.20513
0.88848,0.45464,0.20513
0.91322,0.3694,0.20513
0.93796,0.26522,0.20513
0.9627,0.14208,0.20513
0.98744,0.0,0.20513
0.09236,0.0,0.23077
0.11621,0.15324,0.23077
0.14006,0.27945,0.23077
0.16392,0.38119,0.23077
0.18776,0.46106,0.23077
0.21162,0.5216,0.23077
0.23547,0.56539,0.23077
0.25932,0.59502,0.23077
0.28317,0.61302,0.23077
0.30702,0.62199,0.23077
0.33087,0.6245,0.23077
0.35472,0.6231,0.23077
0.37857,0.62037,0.23077
0.40242,0.6189,0.23077
0.42483,0.6189,0.23077
0.44724,0.6189,0.23077
0.46965,0.6189,0.23077
0.49206,0.6189,0.23077
0.51447,0.6189,0.23077
0.53688,0.6189,0.23077
0.55929,0.6189,0.23077
0.5817,0.6189,0.23077
0.60411,0.6189,0.23077
0.62652,0.6189,0.23077
0.64893,0.6189,0.23077
0.67135,0.6189,0.23077
0.69376,0.6189,0.23077
0.71617,0.6189,0.23077
0.73858,0.6189,0.23077
0.76099,0.6189,0.23077
0.7834,0.6189,0.23077
0.80619,0.61126,0.23077
0.82899,0.58833,0.23077
0.85178,0.55013,0.23077
0.87457,0.49665,0.23077
0.89736,0.42788,0.23077
0.92016,0.34383,0.23077
0.94295,0.2445,0.23077
0.96574,0.1299,0.23077
0.98854,0.0,0.23077
0.08585,0.0,0.25641
0.10882,0.14877,0.25641
0.13179,0.27281,0.25641
0.15477,0.37433,0.25641
0.17774,0.45553,0.25641
0.20071,0.51858,0.25641
0.22369,0.56569,0.25641
0.24666,0.59904,0.25641
0.26963,0.62084,0.25641
0.2926,0.63326,0.25641
0.31558,0.63852,0.25641
0.33855,0.63877,0.25641
0.36152,0.63626,0.25641
0.3845,0.63313,0.25641
0.40747,0.63161,0.25641
0.43062,0.63161,0.25641
0.45376,0.63161,0.25641
0.47691,0.63161,0.25641
0.50005,0.63161,0.25641
0.5232,0.63161,0.25641
0.54634,0.63161,0.25641
0.56949,0.63161,0.25641
0.59263,0.63161,0.25641
0.61578,0.63161,0.25641
0.63892,0.63161,0.25641
0.66207,0.63161,0.25641
0.68522,0.63161,0.25641
0.70836,0.63161,0.25641
0.73151,0.63161,0.25641
0.75465,0.63161,0.25641
0.7778,0.63161,0.25641
0.80133,0.6238,0.25641
0.82486,0.60042,0.25641
0.84839,0.56142,0.25641
0.87192,0.50684,0.25641
0.89545,0.43667,0.25641
0.91898,0.35089,0.25641
0.94251,0.24952,0.25641
0.96604,0.13256,0.25641
0.98957,0.0,0.25641
0.07965,0.0,0.28205
0.1034,0.15397,0.28205
0.12715,0.28206,0.28205
0.1509,0.38662,0.28205
0.17465,0.46993,0.28205
0.1984,0.53431,0.28205
0.22215,0.58209,0.28205
0.2459,0.61559,0.28205
0.26965,0.6371,0.28205
0.2934,0.64895,0.28205
0.31715,0.65345,0.28205
0.3409,0.65292,0.28205
0.36465,0.64967,0.28205
0.3884,0.64603,0.28205
0.41215,0.64431,0.28205
0.43468,0.64431,0.28205
0.45722,0.64431,0.28205
0.47975,0.64431,0.28205
0.50229,0.64431,0.28205
0.52482,0.64431,0.28205
0.54735,0.64431,0.28205
0.56989,0.64431,0.28205
0.59242,0.64431,0.28205
0.61496,0.64431,0.28205
0.63749,0.64431,0.28205
0.66003,0.64431,0.28205
0.68256,0.64431,0.28205
0.7051,0.64431,0.28205
0.72763,0.64431,0.28205
0.75017,0.64431,0.28205
0.7727,0.64431,0.28205
0.79691,0.63635,0.28205
0.82111,0.61249,0.28205
0.84532,0.57271,0.28205
0.86953,0.51704,0.28205
0.89373,0.44544,0.28205
0.91794,0.35795,0.28205
0.94215,0.25454,0.28205
0.96635,0.13523,0.28205
0.99056,0.0,0.28205
0.07372,0.0,0.30769
0.0982,0.15884,0.30769
0.12268,0.29076,0.30769
0.14716,0.39819,0.30769
0.17164,0.48354,0.30769
0.19612,0.54926,0.30769
0.2206,0.59776,0.30769
0.24508,0.63145,0.30769
0.26956,0.65279,0.30769
0.29404,0.66418,0.30769
0.31852,0.66808,0.30769
0.343,0.66687,0.30769
0.36748,0.66301,0.30769
0.39196,0.65891,0.30769
0.41645,0.65701,0.30769
0.43842,0.65701,0.30769
0.4604,0.65701,0.30769
0.48238,0.65701,0.30769
0.50436,0.65701,0.30769
0.52634,0.65701,0.30769
0.54832,0.65701,0.30769
0.5703,0.65701,0.30769
0.59228,0.65701,0.30769
0.61426,0.65701,0.30769
0.63624,0.65701,0.30769
0.65822,0.65701,0.30769
0.6802,0.65701,0.30769
0.70218,0.65701,0.30769
0.72416,0.65701,0.30769
0.74614,0.65701,0.30769
0.76811,0.65701,0.30769
0.79294,0.6489,0.30769
0.81776,0.62456,0.30769
0.84258,0.584,0.30769
0.8674,0.52723,0.30769
0.89222,0.45423,0.30769
0.91704,0.36501,0.30769
0.94186,0.25956,0.30769
0.96668,0.13789,0.30769
0.9915,0.0,0.30769
0.06804,0.0,0.33333
0.09153,0.1534,0.33333
0.11502,0.28237,0.33333
0.13851,0.38895,0.33333
0.16199,0.4752,0.33333
0.18548,0.54319,0.33333
0.20897,0.59495,0.33333
0.23246,0.63255,0.33333
0.25595,0.65802,0.33333
0.27944,0.67344,0.33333
0.30292,0.68086,0.33333
0.32641,0.68232,0.33333
0.3499,0.67988,0.33333
0.37339,0.6756,0.33333
0.39688,0.67153,0.33333
0.42037,0.66971,0.33333
0.44328,0.66971,0.33333
0.46619,0.66971,0.33333
0.4891,0.66971,0.33333
0.51201,0.66971,0.33333
0.53492,0.66971,0.33333
0.55783,0.66971,0.33333
0.58074,0.66971,0.33333
0.60366,0.66971,0.33333
0.62657,0.66971,0.33333
0.64948,0.66971,0.33333
0.67239,0.66971,0.33333
0.6953,0.66971,0.33333
0.71821,0.66971,0.33333
0.74112,0.66971,0.33333
0.76403,0.66971,0.33333
0.78941,0.66145,0.33333
0.81478,0.63664,0.33333
0.84016,0.5953,0.33333
0.86553,0.53742,0.33333
0.89091,0.46301,0.33333
0.91628,0.37206,0.33333
0.94165,0.26458,0.33333
0.96703,0.14056,0.33333
0.9924,0.0,0.33333
0.06257,0.0,0.35897
0.08666,0.15739,0.35897
0.11075,0.28958,0.35897
0.13484,0.39869,0.35897
0.15893,0.48686,0.35897
0.18302,0.55623,0.35897
0.20711,0.60889,0.35897
0.2312,0.64699,0.35897
0.25528,0.67266,0.35897
0.27937,0.688,0.35897
0.30346,0.69514,0.35897
0.32755,0.69623,0.35897
0.35164,0.69337,0.35897
0.37573,0.6887,0.35897
0.39982,0.68434,0.35897
0.42391,0.68242,0.35897
0.44795,0.68242,0.35897
0.47199,0.68242,0.35897
0.49603,0.68242,0.35897
0.52007,0.68242,0.35897
0.54411,0.68242,0.35897
0.56815,0.68242,0.35897
0.59219,0.68242,0.35897
0.61623,0.68242,0.35897
0.64027,0.68242,0.35897
0.6643,0.68242,0.35897
0.68834,0.68242,0.35897
0.71238,0.68242,0.35897
0.73642,0.68242,0.35897
0.76046,0.68242,0.35897
0.78374,0.67559,0.35897
0.80703,0.65512,0.35897
0.83031,0.621,0.35897
0.85359,0.57323,0.35897
0.87687,0.51181,0.35897
0.90015,0.43675,0.35897
0.92343,0.34803,0.35897
0.94671,0.24567,0.35897
0.96999,0.12966,0.35897
0.99327,0.0,0.35897
0.0573,0.0,0.38462
0.08195,0.16108,0.38462
0.1066,0.29627,0.38462
0.13125,0.40779,0.38462
0.1559,0.49781,0.38462
0.18056,0.56852,0.38462
0.20521,0.62212,0.38462
0.22986,0.66077,0.38462
0.25451,0.68669,0.38462
0.27916,0.70206,0.38462
0.30381,0.70905,0.38462
0.32847,0.70988,0.38462
0.35312,0.7067,0.38462
0.37777,0.70173,0.38462
0.40242,0.69713,0.38462
0.42707,0.69512,0.38462
0.45067,0.69512,0.38462
0.47426,0.69512,0.38462
0.49786,0.69512,0.38462
0.52145,0.69512,0.38462
0.54505,0.69512,0.38462
0.56864,0.69512,0.38462
0.59224,0.69512,0.38462
0.61583,0.69512,0.38462
0.63943,0.69512,0.38462
0.66302,0.69512,0.38462
0.68662,0.69512,0.38462
0.71021,0.69512,0.38462
0.73381,0.69512,0.38462
0.7574,0.69512,0.38462
0.78107,0.68817,0.38462
0.80474,0.66732,0.38462
0.82841,0.63256,0.38462
0.85208,0.5839,0.38462
0.87575,0.52134,0.38462
0.89943,0.44487,0.38462
0.9231,0.35451,0.38462
0.94677,0.25025,0.38462
0.97044,0.13208,0.38462
0.99411,0.0,0.38462
0.0522,0.0,0.41025
0.0758,0.15498,0.41025
0.0994,0.28659,0.41025
0.12301,0.39666,0.41025
0.14661,0.48702,0.41025
0.17022,0.55954,0.41025
0.19382,0.61607,0.41025
0.21742,0.65844,0.41025
0.24103,0.68851,0.41025
0.26463,0.70812,0.41025
0.28824,0.71912,0.41025
0.31184,0.72337,0.41025
0.33544,0.7227,0.41025
0.35905,0.71897,0.41025
0.38265,0.714,0.41025
0.40626,0.70967,0.41025
0.42986,0.70782,0.41025
0.45486,0.70782,0.41025
0.47986,0.70782,0.41025
0.50486,0.70782,0.41025
0.52985,0.70782,0.41025
0.55485,0.70782,0.41025
0.57985,0.70782,0.41025
0.60485,0.70782,0.41025
0.62985,0.70782,0.41025
0.65485,0.70782,0.41025
0.67985,0.70782,0.41025
0.70485,0.70782,0.41025
0.72985,0.70782,0.41025
0.75484,0.70782,0.41025
0.77885,0.70074,0.41025
0.80286,0.67951,0.41025
0.82687,0.64412,0.41025
0.85087,0.59457,0.41025
0.87488,0.53087,0.41025
0.89889,0.453,0.41025
0.9229,0.36099,0.41025
0.9469,0.25482,0.41025
0.97091,0.13449,0.41025
0.99492,0.0,0.41025
0.04725,0.0,0.4359
0.07131,0.15792,0.4359
0.09538,0.29199,0.4359
0.11944,0.4041,0.4359
0.1435,0.49614,0.4359
0.16757,0.56998,0.4359
0.19163,0.62752,0.4359
0.2157,0.67062,0.4359
0.23976,0.7012,0.4359
0.26382,0.72112,0.4359
0.28789,0.73227,0.4359
0.31195,0.73653,0.4359
0.33601,0.73579,0.4359
0.36008,0.73194,0.4359
0.38414,0.72686,0.4359
0.4082,0.72242,0.4359
0.43227,0.72053,0.4359
0.45692,0.72053,0.4359
0.48158,0.72053,0.4359
0.50624,0.72053,0.4359
0.53089,0.72053,0.4359
0.55555,0.72053,0.4359
0.5802,0.72053,0.4359
0.60486,0.72053,0.4359
0.62952,0.72053,0.4359
0.65417,0.72053,0.4359
0.67883,0.72053,0.4359
0.70348,0.72053,0.4359
0.72814,0.72053,0.4359
0.7528,0.72053,0.4359
0.77709,0.71332,0.4359
0.80138,0.69171,0.4359
0.82567,0.65568,0.4359
0.84996,0.60525,0.4359
0.87425,0.54039,0.4359
0.89854,0.46114,0.4359
0.92283,0.36746,0.4359
0.94712,0.25939,0.4359
0.97142,0.1369,0.4359
0.99571,0.0,0.4359
0.04245,0.0,0.46154
0.06694,0.16057,0.46154
0.09143,0.29692,0.46154
0.11592,0.41094,0.46154
0.14041,0.50456,0.46154
0.1649,0.5797,0.46154
0.18939,0.63825,0.46154
0.21388,0.68214,0.46154
0.23837,0.71327,0.46154
0.26286,0.73359,0.46154
0.28736,0.74498,0.46154
0.31185,0.74936,0.46154
0.33634,0.74866,0.46154
0.36083,0.74478,0.46154
0.38532,0.73964,0.46154
0.40981,0.73515,0.46154
0.4343,0.73323,0.46154
0.45868,0.73323,0.46154
0.48306,0.73323,0.46154
0.50744,0.73323,0.46154
0.53182,0.73323,0.46154
0.55621,0.73323,0.46154
0.58059,0.73323,0.46154
0.60497,0.73323,0.46154
0.62935,0.73323,0.46154
0.65373,0.73323,0.46154
0.67811,0.73323,0.46154
0.70249,0.73323,0.46154
0.72687,0.73323,0.46154
0.75126,0.73323,0.46154
0.77578,0.7259,0.46154
0.8003,0.7039,0.46154
0.82482,0.66724,0.46154
0.84934,0.61591,0.46154
0.87386,0.54992,0.46154
0.89838,0.46927,0.46154
0.92291,0.37395,0.46154
0.94743,0.26396,0.46154
0.97195,0.13931,0.46154
0.99647,0.0,0.46154
0.03778,0.0,0.48718
0.06266,0.16297,0.48718
0.08755,0.30138,0.48718
0.11244,0.41718,0.48718
0.13732,0.51231,0.48718
0.16221,0.58869,0.48718
0.18709,0.64825,0.48718
0.21198,0.69297,0.48718
0.23687,0.72475,0.48718
0.26175,0.74553,0.48718
0.28664,0.75726,0.48718
0.31152,0.76187,0.48718
0.33641,0.76129,0.48718
0.36129,0.75748,0.48718
0.38618,0.75236,0.48718
0.41107,0.74786,0.48718
0.43595,0.74593,0.48718
0.46013,0.74593,0.48718
0.4843,0.74593,0.48718
0.50848,0.74593,0.48718
0.53265,0.74593,0.48718
0.55683,0.74593,0.48718
0.581,0.74593,0.48718
0.60517,0.74593,0.48718
0.62935,0.74593,0.48718
0.65352,0.74593,0.48718
0.6777,0.74593,0.48718
0.70187,0.74593,0.48718
0.72605,0.74593,0.48718
0.75022,0.74593,0.48718
0.77492,0.73847,0.48718
0.79962,0.71609,0.48718
0.82432,0.6788,0.48718
0.84902,0.62659,0.48718
0.87372,0.55945,0.48718
0.89842,0.47739,0.48718
0.92312,0.38042,0.48718
0.94781,0.26854,0.48718
0.97251,0.14172,0.48718
0.99721,0.0,0.48718
0.03323,0.0,0.51282
0.05848,0.16509,0.51282
0.08373,0.30537,0.51282
0.10898,0.42282,0.51282
0.13423,0.51935,0.51282
0.15948,0.59695,0.51282
0.18473,0.65756,0.51282
0.20998,0.70312,0.51282
0.23523,0.7356,0.51282
0.26048,0.75694,0.51282
0.28573,0.76911,0.51282
0.31098,0.77405,0.51282
0.33623,0.7737,0.51282
0.36148,0.77005,0.51282
0.38673,0.765,0.51282
0.41198,0.76055,0.51282
0.43723,0.75863,0.51282
0.46126,0.75863,0.51282
0.4853,0.75863,0.51282
0.50934,0.75863,0.51282
0.53337,0.75863,0.51282
0.55741,0.75863,0.51282
0.58144,0.75863,0.51282
0.60548,0.75863,0.51282
0.62952,0.75863,0.51282
0.65355,0.75863,0.51282
0.67759,0.75863,0.51282
0.70163,0.75863,0.51282
0.72566,0.75863,0.51282
0.7497,0.75863,0.51282
0.77452,0.75105,0.51282
0.79935,0.72829,0.51282
0.82417,0.69036,0.51282
0.84899,0.63725,0.51282
0.87382,0.56898,0.51282
0.89864,0.48552,0.51282
0.92346,0.38691,0.51282
0.94829,0.27311,0.51282
0.97311,0.14414,0.51282
0.99793,0.0,0.51282
0.02879,0.0,0.53846
0.05438,0.16695,0.53846
0.07996,0.30891,0.53846
0.10554,0.42785,0.53846
0.13113,0.52572,0.53846
0.15671,0.60451,0.53846
0.18229,0.66615,0.53846
0.20788,0.7126,0.53846
0.23346,0.74585,0.53846
0.25904,0.76784,0.53846
0.28463,0.78053,0.53846
0.31021,0.7859,0.53846
0.33579,0.78589,0.53846
0.36137,0.78247,0.53846
0.38696,0.77759,0.53846
0.41254,0.77323,0.53846
0.43812,0.77134,0.53846
0.46209,0.77134,0.53846
0.48606,0.77134,0.53846
0.51002,0.77134,0.53846
0.53399,0.77134,0.53846
0.55795,0.77134,0.53846
0.58192,0.77134,0.53846
0.60589,0.77134,0.53846
0.62985,0.77134,0.53846
0.65382,0.77134,0.53846
0.67778,0.77134,0.53846
0.70175,0.77134,0.53846
0.72572,0.77134,0.53846
0.74968,0.77134,0.53846
0.77458,0.76363,0.53846
0.79947,0.74049,0.53846
0.82437,0.70192,0.53846
0.84926,0.64792,0.53846
0.87416,0.5785,0.53846
0.89906,0.49366,0.53846
0.92395,0.39338,0.53846
0.94885,0.27768,0.53846
0.97374,0.14655,0.53846
0.99864,0.0,0.53846
0.02446,0.0,0.5641
0.05035,0.16854,0.5641
0.07624,0.31198,0.5641
0.10212,0.4323,0.5641
0.12801,0.53143,0.5641
0.15389,0.61135,0.5641
0.17978,0.67403,0.5641
0.20567,0.72144,0.5641
0.23155,0.7555,0.5641
0.25744,0.77822,0.5641
0.28333,0.79154,0.5641
0.30921,0.79742,0.5641
0.3351,0.79784,0.5641
0.36098,0.79475,0.5641
0.38687,0.79011,0.5641
0.41276,0.78589,0.5641
0.43864,0.78404,0.5641
0.46261,0.78404,0.5641
0.48657,0.78404,0.5641
0.51053,0.78404,0.5641
0.5345,0.78404,0.5641
0.55846,0.78404,0.5641
0.58243,0.78404,0.5641
0.60639,0.78404,0.5641
0.63035,0.78404,0.5641
0.65432,0.78404,0.5641
0.67828,0.78404,0.5641
0.70225,0.78404,0.5641
0.72621,0.78404,0.5641
0.75017,0.78404,0.5641
0.77509,0.77621,0.5641
0.8,0.75268,0.5641
0.82492,0.71348,0.5641
0.84983,0.65859,0.5641
0.87475,0.58803,0.5641
0.89967,0.50179,0.5641
0.92458,0.39986,0.5641
0.9495,0.28225,0.5641
0.97441,0.14897,0.5641
0.99933,0.0,0.5641
0.02023,0.0,0.58975
0.04485,0.1606,0.58975
0.06947,0.29881,0.58975
0.09409,0.41629,0.58975
0.11871,0.51466,0.58975
0.14333,0.59554,0.58975
0.16795,0.66058,0.58975
0.19258,0.71141,0.58975
0.2172,0.74965,0.58975
0.24182,0.77694,0.58975
0.26644,0.79491,0.58975
0.29106,0.80518,0.58975
0.31568,0.80941,0.58975
0.3403,0.8092,0.58975
0.36492,0.8062,0.58975
0.38954,0.80203,0.58975
0.41416,0.79834,0.58975
0.43878,0.79674,0.58975
0.46482,0.79674,0.58975
0.49085,0.79674,0.58975
0.51688,0.79674,0.58975
0.54291,0.79674,0.58975
0.56895,0.79674,0.58975
0.59498,0.79674,0.58975
0.62101,0.79674,0.58975
0.64704,0.79674,0.58975
0.67307,0.79674,0.58975
0.69911,0.79674,0.58975
0.72514,0.79674,0.58975
0.75117,0.79674,0.58975
0.77605,0.78878,0.58975
0.80094,0.76488,0.58975
0.82582,0.72504,0.58975
0.8507,0.66926,0.58975
0.87559,0.59755,0.58975
0.90047,0.50992,0.58975
0.92535,0.40634,0.58975
0.95023,0.28683,0.58975
0.97512,0.15138,0.58975
1.0,0.0,0.58975
0.01608,0.0,0.61538
0.04094,0.1616,0.61538
0.06579,0.30085,0.61538
0.09064,0.41936,0.61538
0.11549,0.51877,0.61538
0.14034,0.60067,0.61538
0.16519,0.66672,0.61538
0.19004,0.71851,0.61538
0.21489,0.75768,0.61538
0.23974,0.78583,0.61538
0.26459,0.80461,0.61538
0.28944,0.81562,0.61538
0.31429,0.82049,0.61538
0.33914,0.82083,0.61538
0.364,0.81829,0.61538
0.38885,0.81446,0.61538
0.4137,0.81097,0.61538
0.43855,0.80944,0.61538
0.46271,0.80944,0.61538
0.48688,0.80944,0.61538
0.51104,0.80944,0.61538
0.5352,0.80944,0.61538
0.55937,0.80944,0.61538
0.58353,0.80944,0.61538
0.6077,0.80944,0.61538
0.63186,0.80944,0.61538
0.65602,0.80944,0.61538
0.68019,0.80944,0.61538
0.70435,0.80944,0.61538
0.72851,0.80944,0.61538
0.75268,0.80944,0.61538
0.77967,0.80449,0.61538
0.80666,0.78942,0.61538
0.83365,0.76364,0.61538
0.86063,0.726,0.61538
0.88762,0.67448,0.61538
0.91461,0.6055,0.61538
0.9416,0.51194,0.61538
0.96859,0.37545,0.61538
0.99558,0.00853,0.61538
0.01203,0.0,0.64103
0.03708,0.16236,0.64103
0.06213,0.30246,0.64103
0.08719,0.42188,0.64103
0.11224,0.52223,0.64103
0.13729,0.60512,0.64103
0.16235,0.67216,0.64103
0.1874,0.72495,0.64103
0.21245,0.76508,0.64103
0.23751,0.79418,0.64103
0.26256,0.81385,0.64103
0.28761,0.82568,0.64103
0.31267,0.83129,0.64103
0.33772,0.83228,0.64103
0.36277,0.83026,0.64103
0.38783,0.82683,0.64103
0.41288,0.82358,0.64103
0.43793,0.82215,0.64103
0.4623,0.82215,0.64103
0.48667,0.82215,0.64103
0.51103,0.82215,0.64103
0.5354,0.82215,0.64103
0.55976,0.82215,0.64103
0.58413,0.82215,0.64103
0.6085,0.82215,0.64103
0.63286,0.82215,0.64103
0.65723,0.82215,0.64103
0.68159,0.82215,0.64103
0.70596,0.82215,0.64103
0.73033,0.82215,0.64103
0.75469,0.82215,0.64103
0.78085,0.81739,0.64103
0.80701,0.80291,0.64103
0.83317,0.77816,0.64103
0.85934,0.74201,0.64103
0.8855,0.69253,0.64103
0.91166,0.62629,0.64103
0.93782,0.53642,0.64103
0.96398,0.40534,0.64103
0.99014,0.05296,0.64103
0.00805,0.0,0.66667
0.03328,0.16289,0.66667
0.05851,0.30364,0.66667
0.08374,0.42383,0.66667
0.10897,0.52505,0.66667
0.13419,0.60889,0.66667
0.15942,0.67692,0.66667
0.18465,0.73072,0.66667
0.20988,0.77188,0.66667
0.23511,0.80199,0.66667
0.26034,0.82262,0.66667
0.28557,0.83537,0.66667
0.3108,0.84181,0.66667
0.33602,0.84353,0.66667
0.36125,0.84211,0.66667
0.38648,0.83914,0.66667
0.41171,0.83618,0.66667
0.43694,0.83485,0.66667
0.46158,0.83485,0.66667
0.48621,0.83485,0.66667
0.51085,0.83485,0.66667
0.53549,0.83485,0.66667
0.56012,0.83485,0.66667
0.58476,0.83485,0.66667
0.6094,0.83485,0.66667
0.63403,0.83485,0.66667
0.65867,0.83485,0.66667
0.68331,0.83485,0.66667
0.70794,0.83485,0.66667
0.73258,0.83485,0.66667
0.75722,0.83485,0.66667
0.78249,0.83053,0.66667
0.80777,0.81737,0.66667
0.83304,0.79485,0.66667
0.85832,0.76198,0.66667
0.8836,0.71699,0.66667
0.90887,0.65675,0.66667
0.93415,0.57505,0.66667
0.95942,0.45586,0.66667
0.9847,0.13545,0.66667
0.00415,0.0,0.69231
0.02952,0.16318,0.69231
0.0549,0.30441,0.69231
0.08028,0.42525,0.69231
0.10566,0.52726,0.69231
0.13104,0.61199,0.69231
0.15641,0.681,0.69231
0.18179,0.73584,0.69231
0.20717,0.77807,0.69231
0.23255,0.80925,0.69231
0.25793,0.83094,0.69231
0.2833,0.84469,0.69231
0.30868,0.85205,0.69231
0.33406,0.85459,0.69231
0.35944,0.85385,0.69231
0.38481,0.85139,0.69231
0.41019,0.84877,0.69231
0.43557,0.84755,0.69231
0.45876,0.84755,0.69231
0.48195,0.84755,0.69231
0.50514,0.84755,0.69231
0.52833,0.84755,0.69231
0.55153,0.84755,0.69231
0.57472,0.84755,0.69231
0.59791,0.84755,0.69231
0.6211,0.84755,0.69231
0.64429,0.84755,0.69231
0.66748,0.84755,0.69231
0.69067,0.84755,0.69231
0.71386,0.84755,0.69231
0.73705,0.84755,0.69231
0.76024,0.84755,0.69231
0.78762,0.84262,0.69231
0.815,0.82756,0.69231
0.84238,0.80161,0.69231
0.86975,0.7632,0.69231
0.89713,0.70943,0.69231
0.92451,0.63439,0.69231
0.95188,0.52275,0.69231
0.97926,0.21794,0.69231
0.00032,0.0,0.71795
0.02582,0.16322,0.71795
0.05132,0.30476,0.71795
0.07682,0.42612,0.71795
0.10232,0.52883,0.71795
0.12782,0.61442,0.71795
0.15332,0.68441,0.71795
0.17882,0.74032,0.71795
0.20432,0.78367,0.71795
0.22982,0.81599,0.71795
0.25532,0.83881,0.71795
0.28082,0.85365,0.71795
0.30632,0.86201,0.71795
0.33182,0.86544,0.71795
0.35732,0.86546,0.71795
0.38282,0.86359,0.71795
0.40832,0.86135,0.71795
0.43382,0.86027,0.71795
0.45739,0.86027,0.71795
0.48096,0.86027,0.71795
0.50453,0.86027,0.71795
0.5281,0.86027,0.71795
0.55166,0.86027,0.71795
0.57523,0.86027,0.71795
0.5988,0.86027,0.71795
0.62237,0.86027,0.71795
0.64594,0.86027,0.71795
0.66951,0.86027,0.71795
0.69308,0.86027,0.71795
0.71665,0.86027,0.71795
0.74021,0.86027,0.71795
0.76378,0.86027,0.71795
0.79004,0.85587,0.71795
0.81629,0.84248,0.71795
0.84255,0.8194,0.71795
0.8688,0.78526,0.71795
0.89506,0.73745,0.71795
0.92131,0.67072,0.71795
0.94757,0.57145,0.71795
0.97382,0.30042,0.71795
0.0,0.0,0.74359
0.02539,0.16183,0.74359
0.05079,0.30257,0.74359
0.07618,0.42367,0.74359
0.10158,0.52659,0.74359
0.12697,0.61278,0.74359
0.15236,0.6837,0.74359
0.17776,0.74083,0.74359
0.20315,0.7856,0.74359
0.22855,0.81947,0.74359
0.25394,0.8439,0.74359
0.27933,0.86035,0.74359
0.30473,0.87027,0.74359
0.33012,0.87512,0.74359
0.35551,0.87636,0.74359
0.38091,0.87545,0.74359
0.4063,0.87383,0.74359
0.4317,0.87297,0.74359
0.45571,0.87297,0.74359
0.47972,0.87297,0.74359
0.50372,0.87297,0.74359
0.52773,0.87297,0.74359
0.55174,0.87297,0.74359
0.57575,0.87297,0.74359
0.59976,0.87297,0.74359
0.62377,0.87297,0.74359
0.64778,0.87297,0.74359
0.67179,0.87297,0.74359
0.6958,0.87297,0.74359
0.71981,0.87297,0.74359
0.74382,0.87297,0.74359
0.76783,0.87297,0.74359
0.7929,0.86912,0.74359
0.81797,0.8574,0.74359
0.84304,0.8372,0.74359
0.86811,0.80731,0.74359
0.89317,0.76546,0.74359
0.91824,0.70705,0.74359
0.94331,0.62016,0.74359
0.96838,0.38292,0.74359
0.00607,0.0,0.76923
0.03096,0.15798,0.76923
0.05585,0.29607,0.76923
0.08074,0.41558,0.76923
0.10563,0.51788,0.76923
0.13052,0.60426,0.76923
0.15541,0.67608,0.76923
0.1803,0.73466,0.76923
0.20519,0.78134,0.76923
0.23008,0.81745,0.76923
0.25497,0.84432,0.76923
0.27986,0.86328,0.76923
0.30475,0.87567,0.76923
0.32963,0.88283,0.76923
0.35452,0.88607,0.76923
0.37941,0.88674,0.76923
0.4043,0.88616,0.76923
0.42919,0.88567,0.76923
0.45207,0.88567,0.76923
0.47495,0.88567,0.76923
0.49783,0.88567,0.76923
0.52071,0.88567,0.76923
0.54359,0.88567,0.76923
0.56647,0.88567,0.76923
0.58935,0.88567,0.76923
0.61223,0.88567,0.76923
0.63511,0.88567,0.76923
0.65799,0.88567,0.76923
0.68086,0.88567,0.76923
0.70374,0.88567,0.76923
0.72662,0.88567,0.76923
0.7495,0.88567,0.76923
0.77238,0.88567,0.76923
0.7996,0.88136,0.76923
0.82683,0.86815,0.76923
0.85405,0.84512,0.76923
0.88127,0.81029,0.76923
0.9085,0.75953,0.76923
0.93572,0.68187,0.76923
0.96294,0.4654,0.76923
0.0129,0.0,0.79487
0.03722,0.15372,0.79487
0.06153,0.28884,0.79487
0.08585,0.40655,0.79487
0.11017,0.50806,0.79487
0.13449,0.59457,0.79487
0.15881,0.66726,0.79487
0.18313,0.72735,0.79487
0.20744,0.77603,0.79487
0.23176,0.81448,0.79487
0.25608,0.84393,0.79487
0.2804,0.86556,0.79487
0.30472,0.88059,0.79487
0.32904,0.89018,0.79487
0.35335,0.89556,0.79487
0.37767,0.89792,0.79487
0.40199,0.89845,0.79487
0.42631,0.89837,0.79487
0.44972,0.89837,0.79487
0.47313,0.89837,0.79487
0.49654,0.89837,0.79487
0.51995,0.89837,0.79487
0.54335,0.89837,0.79487
0.56676,0.89837,0.79487
0.59017,0.89837,0.79487
0.61358,0.89837,0.79487
0.63699,0.89837,0.79487
0.6604,0.89837,0.79487
0.68381,0.89837,0.79487
0.70722,0.89837,0.79487
0.73063,0.89837,0.79487
0.75403,0.89837,0.79487
0.77744,0.89837,0.79487
0.80317,0.89478,0.79487
0.82889,0.88376,0.79487
0.85461,0.86455,0.79487
0.88033,0.83551,0.79487
0.90606,0.79318,0.79487
0.93178,0.72841,0.79487
0.9575,0.54788,0.79487
0.02047,0.0,0.82051
0.04415,0.14905,0.82051
0.06783,0.2809,0.82051
0.09152,0.39659,0.82051
0.1152,0.49718,0.82051
0.13888,0.58374,0.82051
0.16256,0.6573,0.82051
0.18624,0.71892,0.82051
0.20992,0.76968,0.82051
0.2336,0.81061,0.82051
0.25728,0.84277,0.82051
0.28096,0.86722,0.82051
0.30464,0.88502,0.82051
0.32833,0.89721,0.82051
0.35201,0.90486,0.82051
0.37569,0.90902,0.82051
0.39937,0.91073,0.82051
0.42305,0.91108,0.82051
0.44705,0.91108,0.82051
0.47105,0.91108,0.82051
0.49504,0.91108,0.82051
0.51904,0.91108,0.82051
0.54304,0.91108,0.82051
0.56704,0.91108,0.82051
0.59103,0.91108,0.82051
0.61503,0.91108,0.82051
0.63903,0.91108,0.82051
0.66303,0.91108,0.82051
0.68702,0.91108,0.82051
0.71102,0.91108,0.82051
0.73502,0.91108,0.82051
0.75901,0.91108,0.82051
0.78301,0.91108,0.82051
0.80716,0.90801,0.82051
0.83131,0.89866,0.82051
0.85546,0.88233,0.82051
0.87961,0.85766,0.82051
0.90376,0.82168,0.82051
0.92791,0.76665,0.82051
0.95206,0.61325,0.82051
0.0288,0.0,0.84615
0.05177,0.14399,0.84615
0.07475,0.27227,0.84615
0.09773,0.38572,0.84615
0.12071,0.48527,0.84615
0.14368,0.5718,0.84615
0.16666,0.64622,0.84615
0.18964,0.70943,0.84615
0.21261,0.76234,0.84615
0.23559,0.80585,0.84615
0.25857,0.84086,0.84615
0.28155,0.86827,0.84615
0.30452,0.889,0.84615
0.3275,0.90392,0.84615
0.35048,0.91396,0.84615
0.37346,0.92002,0.84615
0.39643,0.92298,0.84615
0.41941,0.92378,0.84615
0.44252,0.92378,0.84615
0.46562,0.92378,0.84615
0.48873,0.92378,0.84615
0.51183,0.92378,0.84615
0.53494,0.92378,0.84615
0.55804,0.92378,0.84615
0.58115,0.92378,0.84615
0.60425,0.92378,0.84615
0.62735,0.92378,0.84615
0.65046,0.92378,0.84615
0.67356,0.92378,0.84615
0.69667,0.92378,0.84615
0.71977,0.92378,0.84615
0.74288,0.92378,0.84615
0.76598,0.92378,0.84615
0.78909,0.92378,0.84615
0.81534,0.92003,0.84615
0.8416,0.90847,0.84615
0.86786,0.88793,0.84615
0.89411,0.85565,0.84615
0.92037,0.80412,0.84615
0.94662,0.65622,0.84615
0.03787,0.0,0.8718
0.06146,0.14674,0.8718
0.08506,0.27757,0.8718
0.10866,0.39338,0.8718
0.13225,0.49506,0.8718
0.15585,0.58349,0.8718
0.17944,0.65957,0.8718
0.20304,0.72419,0.8718
0.22663,0.77823,0.8718
0.25023,0.82258,0.8718
0.27382,0.85813,0.8718
0.29742,0.88578,0.8718
0.32101,0.9064,0.8718
0.34461,0.92089,0.8718
0.36821,0.93015,0.8718
0.3918,0.93505,0.8718
0.4154,0.93648,0.8718
0.43777,0.93648,0.8718
0.46013,0.93648,0.8718
0.4825,0.93648,0.8718
0.50487,0.93648,0.8718
0.52724,0.93648,0.8718
0.54961,0.93648,0.8718
0.57198,0.93648,0.8718
0.59435,0.93648,0.8718
0.61672,0.93648,0.8718
0.63909,0.93648,0.8718
0.66146,0.93648,0.8718
0.68383,0.93648,0.8718
0.7062,0.93648,0.8718
0.72857,0.93648,0.8718
0.75093,0.93648,0.8718
0.7733,0.93648,0.8718
0.79567,0.93648,0.8718
0.81992,0.93316,0.8718
0.84418,0.92292,0.8718
0.86843,0.90469,0.8718
0.89268,0.87606,0.8718
0.91693,0.83037,0.8718
0.94118,0.69921,0.8718
0.04769,0.0,0.89744
0.0704,0.14064,0.89744
0.09311,0.26724,0.89744
0.11581,0.38048,0.89744
0.13852,0.48105,0.89744
0.16123,0.56965,0.89744
0.18393,0.64693,0.89744
0.20664,0.71361,0.89744
0.22935,0.77037,0.89744
0.25205,0.81787,0.89744
0.27476,0.85682,0.89744
0.29747,0.8879,0.89744
0.32017,0.91179,0.89744
0.34288,0.92918,0.89744
0.36559,0.94075,0.89744
0.3883,0.94719,0.89744
0.411,0.94919,0.89744
0.43277,0.94919,0.89744
0.45453,0.94919,0.89744
0.4763,0.94919,0.89744
0.49806,0.94919,0.89744
0.51983,0.94919,0.89744
0.54159,0.94919,0.89744
0.56336,0.94919,0.89744
0.58512,0.94919,0.89744
0.60688,0.94919,0.89744
0.62865,0.94919,0.89744
0.65041,0.94919,0.89744
0.67218,0.94919,0.89744
0.69394,0.94919,0.89744
0.71571,0.94919,0.89744
0.73747,0.94919,0.89744
0.75924,0.94919,0.89744
0.781,0.94919,0.89744
0.80277,0.94919,0.89744
0.82936,0.94501,0.89744
0.85596,0.9319,0.89744
0.88255,0.90779,0.89744
0.90915,0.86639,0.89744
0.93574,0.7422,0.89744
0.05826,0.0,0.92308
0.08146,0.14269,0.92308
0.10466,0.27167,0.92308
0.12786,0.38751,0.92308
0.15106,0.4908,0.92308
0.17425,0.5821,0.92308
0.19745,0.66199,0.92308
0.22065,0.73104,0.92308
0.24385,0.78982,0.92308
0.26704,0.83891,0.92308
0.29024,0.87887,0.92308
0.31344,0.91028,0.92308
0.33664,0.93372,0.92308
0.35984,0.94975,0.92308
0.38303,0.95895,0.92308
0.40623,0.96189,0.92308
0.4275,0.96189,0.92308
0.44877,0.96189,0.92308
0.47004,0.96189,0.92308
0.49131,0.96189,0.92308
0.51258,0.96189,0.92308
0.53385,0.96189,0.92308
0.55512,0.96189,0.92308
0.57639,0.96189,0.92308
0.59766,0.96189,0.92308
0.61893,0.96189,0.92308
0.6402,0.96189,0.92308
0.66147,0.96189,0.92308
0.68274,0.96189,0.92308
0.70401,0.96189,0.92308
0.72528,0.96189,0.92308
0.74656,0.96189,0.92308
0.76783,0.96189,0.92308
0.7891,0.96189,0.92308
0.81037,0.96189,0.92308
0.83435,0.95832,0.92308
0.85834,0.94713,0.92308
0.88233,0.92655,0.92308
0.90632,0.8912,0.92308
0.9303,0.78518,0.92308
0.06959,0.0,0.94872
0.09169,0.1355,0.94872
0.11379,0.2596,0.94872
0.13589,0.37263,0.94872
0.15799,0.47488,0.94872
0.18009,0.56664,0.94872
0.20218,0.64823,0.94872
0.22428,0.71996,0.94872
0.24638,0.78211,0.94872
0.26848,0.83499,0.94872
0.29058,0.8789,0.94872
0.31268,0.91416,0.94872
0.33478,0.94105,0.94872
0.35688,0.95989,0.94872
0.37898,0.97097,0.94872
0.40108,0.97459,0.94872
0.42195,0.97459,0.94872
0.44282,0.97459,0.94872
0.46369,0.97459,0.94872
0.48456,0.97459,0.94872
0.50543,0.97459,0.94872
0.5263,0.97459,0.94872
0.54717,0.97459,0.94872
0.56804,0.97459,0.94872
0.58891,0.97459,0.94872
0.60978,0.97459,0.94872
0.63065,0.97459,0.94872
0.65152,0.97459,0.94872
0.67239,0.97459,0.94872
0.69326,0.97459,0.94872
0.71413,0.97459,0.94872
0.735,0.97459,0.94872
0.75587,0.97459,0.94872
0.77673,0.97459,0.94872
0.7976,0.97459,0.94872
0.81847,0.97459,0.94872
0.84507,0.96994,0.94872
0.87167,0.95497,0.94872
0.89827,0.92502,0.94872
0.92486,0.82816,0.94872
0.08166,0.0,0.97436
0.10408,0.13676,0.97436
0.1265,0.26321,0.97436
0.14892,0.3794,0.97436
0.17134,0.48535,0.97436
0.19376,0.58108,0.97436
0.21619,0.66662,0.97436
0.23861,0.742,0.97436
0.26103,0.80723,0.97436
0.28345,0.86237,0.97436
0.30587,0.90741,0.97436
0.32829,0.9424,0.97436
0.35071,0.96736,0.97436
0.37313,0.98231,0.97436
0.39555,0.98729,0.97436
0.4161,0.98729,0.97436
0.43665,0.98729,0.97436
0.4572,0.98729,0.97436
0.47775,0.98729,0.97436
0.4983,0.98729,0.97436
0.51885,0.98729,0.97436
0.5394,0.98729,0.97436
0.55995,0.98729,0.97436
0.5805,0.98729,0.97436
0.60105,0.98729,0.97436
0.6216,0.98729,0.97436
0.64215,0.98729,0.97436
0.6627,0.98729,0.97436
0.68324,0.98729,0.97436
0.70379,0.98729,0.97436
0.72434,0.98729,0.97436
0.74489,0.98729,0.97436
0.76544,0.98729,0.97436
0.78599,0.98729,0.97436
0.80654,0.98729,0.97436
0.82709,0.98729,0.97436
0.85017,0.98361,0.97436
0.87326,0.97174,0.97436
0.89634,0.94797,0.97436
0.91942,0.87114,0.97436
0.09448,0.0,1.0
0.11557,0.12843,1.0
0.13665,0.24943,1.0
0.15773,0.36264,1.0
0.17882,0.46774,1.0
0.1999,0.56441,1.0
0.22098,0.65229,1.0
0.24207,0.73108,1.0
0.26315,0.80044,1.0
0.28423,0.86004,1.0
0.30532,0.90955,1.0
0.3264,0.94862,1.0
0.34748,0.97695,1.0
0.36857,0.99418,1.0
0.38965,1.0,1.0
0.40995,1.0,1.0
0.43025,1.0,1.0
0.45054,1.0,1.0
0.47084,1.0,1.0
0.49114,1.0,1.0
0.51144,1.0,1.0
0.53174,1.0,1.0
0.55204,1.0,1.0
0.57233,1.0,1.0
0.59263,1.0,1.0
0.61293,1.0,1.0
0.63323,1.0,1.0
0.65353,1.0,1.0
0.67383,1.0,1.0
0.69412,1.0,1.0
0.71442,1.0,1.0
0.73472,1.0,1.0
0.75502,1.0,1.0
0.77532,1.0,1.0
0.79562,1.0,1.0
0.81592,1.0,1.0
0.83621,1.0,1.0
0.86214,0.99508,1.0
0.88806,0.97813,1.0
0.91398,0.91413,1.0
