0.11115,0.0,0.0
0.12429,0.0,0.0
0.13743,0.0,0.0
0.15057,0.0,0.0
0.16371,0.0,0.0
0.17686,0.0,0.0
0.19,0.0,0.0
0.20314,0.0,0.0
0.21628,0.0,0.0
0.22942,0.0,0.0
0.24257,0.0,0.0
0.25571,0.0,0.0
0.26885,0.0,0.0
0.28199,0.0,0.0
0.29514,0.0,0.0
0.30828,0.0,0.0
0.32142,0.0,0.0
0.33456,0.0,0.0
0.3477,0.0,0.0
0.36085,0.0,0.0
0.37399,0.0,0.0
0.38713,0.0,0.0
0.40027,0.0,0.0
0.41341,0.0,0.0
0.42656,0.0,0.0
0.4397,0.0,0.0
0.45284,0.0,0.0
0.46598,0.0,0.0
0.47912,0.0,0.0
0.49227,0.0,0.0
0.50541,0.0,0.0
0.51855,0.0,0.0
0.53169,0.0,0.0
0.54483,0.0,0.0
0.55798,0.0,0.0
0.57112,0.0,0.0
0.58426,0.0,0.0
0.5974,0.0,0.0
0.61054,0.0,0.0
0.62369,0.0,0.0
0.08629,0.0,0.02565
0.1037,0.16526,0.02565
0.1211,0.24287,0.02565
0.13851,0.25303,0.02565
0.15591,0.21599,0.02565
0.17331,0.152,0.02565
0.19072,0.08123,0.02565
0.20812,0.02393,0.02565
0.22553,0.00034,0.02565
0.24099,0.00034,0.02565
0.25645,0.00034,0.02565
0.27191,0.00034,0.02565
0.28737,0.00034,0.02565
0.30283,0.00034,0.02565
0.31829,0.00034,0.02565
0.33375,0.00034,0.02565
0.34921,0.00034,0.02565
0.36467,0.00034,0.02565
0.38013,0.00034,0.02565
0.39559,0.00034,0.02565
0.41105,0.00034,0.02565
0.42678,0.00034,0.02565
0.4425,0.00034,0.02565
0.45822,0.00034,0.02565
0.47394,0.00034,0.02565
0.48967,0.00032,0.02565
0.50539,0.00032,0.02565
0.52111,0.00029,0.02565
0.53683,0.00029,0.02565
0.55256,0.00027,0.02565
0.56828,0.00025,0.02565
0.584,0.00023,0.02565
0.59973,0.00021,0.02565
0.61545,0.00019,0.02565
0.63117,0.00017,0.02565
0.6469,0.00013,0.02565
0.66262,0.00011,0.02565
0.67834,6e-05,0.02565
0.69406,4e-05,0.02565
0.70979,0.0,0.02565
0.076,0.0,0.05129
0.09414,0.16433,0.05129
0.11228,0.2416,0.05129
0.13042,0.25187,0.05129
0.14856,0.21526,0.05129
0.1667,0.15181,0.05129
0.18484,0.08163,0.05129
0.20299,0.02479,0.05129
0.22113,0.00139,0.05129
0.23733,0.00139,0.05129
0.25353,0.00139,0.05129
0.26972,0.00139,0.05129
0.28592,0.00139,0.05129
0.30212,0.00139,0.05129
0.31832,0.00139,0.05129
0.33452,0.00139,0.05129
0.35072,0.00139,0.05129
0.36692,0.00139,0.05129
0.38312,0.00139,0.05129
0.39932,0.00139,0.05129
0.41552,0.00139,0.05129
0.43288,0.00139,0.05129
0.45025,0.00137,0.05129
0.46761,0.00135,0.05129
0.48498,0.00133,0.05129
0.50234,0.00128,0.05129
0.51971,0.00124,0.05129
0.53707,0.0012,0.05129
0.55444,0.00114,0.05129
0.5718,0.00107,0.05129
0.58917,0.00101,0.05129
0.60653,0.00093,0.05129
0.6239,0.00082,0.05129
0.64126,0.00074,0.05129
0.65863,0.00063,0.05129
0.67599,0.00053,0.05129
0.69336,0.0004,0.05129
0.71072,0.00027,0.05129
0.72809,0.00015,0.05129
0.74545,0.0,0.05129
0.0681,0.0,0.07692
0.0867,0.16136,0.07692
0.10531,0.23739,0.07692
0.12392,0.24775,0.07692
0.14252,0.21214,0.07692
0.16113,0.15019,0.07692
0.17973,0.08159,0.07692
0.19834,0.02601,0.07692
0.21694,0.00311,0.07692
0.23539,0.00311,0.07692
0.25384,0.00311,0.07692
0.27229,0.00311,0.07692
0.29074,0.00311,0.07692
0.30919,0.00311,0.07692
0.32764,0.00311,0.07692
0.34608,0.00311,0.07692
0.36453,0.00311,0.07692
0.38298,0.00311,0.07692
0.40143,0.00311,0.07692
0.41988,0.00311,0.07692
0.43752,0.00311,0.07692
0.45517,0.00307,0.07692
0.47282,0.00305,0.07692
0.49047,0.00299,0.07692
0.50811,0.00293,0.07692
0.52576,0.00284,0.07692
0.54341,0.00274,0.07692
0.56105,0.00261,0.07692
0.5787,0.00248,0.07692
0.59635,0.00234,0.07692
0.61399,0.00217,0.07692
0.63164,0.002,0.07692
0.64929,0.00179,0.07692
0.66693,0.00158,0.07692
0.68458,0.00137,0.07692
0.70223,0.00112,0.07692
0.71987,0.00086,0.07692
0.73752,0.00059,0.07692
0.75517,0.00029,0.07692
0.77282,0.0,0.07692
0.06144,0.0,0.10256
0.08038,0.15785,0.10256
0.09932,0.23247,0.10256
0.11827,0.24301,0.10256
0.13721,0.20865,0.10256
0.15615,0.14855,0.10256
0.17509,0.08188,0.10256
0.19404,0.02782,0.10256
0.21298,0.00553,0.10256
0.23217,0.00553,0.10256
0.25137,0.00553,0.10256
0.27056,0.00553,0.10256
0.28976,0.00553,0.10256
0.30895,0.00553,0.10256
0.32815,0.00553,0.10256
0.34735,0.00553,0.10256
0.36654,0.00553,0.10256
0.38574,0.00553,0.10256
0.40493,0.00553,0.10256
0.42413,0.00553,0.10256
0.44271,0.00553,0.10256
0.4613,0.00549,0.10256
0.47989,0.00541,0.10256
0.49848,0.00532,0.10256
0.51707,0.0052,0.10256
0.53565,0.00505,0.10256
0.55424,0.00486,0.10256
0.57283,0.00465,0.10256
0.59142,0.00442,0.10256
0.61001,0.00417,0.10256
0.62859,0.00387,0.10256
0.64718,0.00356,0.10256
0.66577,0.0032,0.10256
0.68436,0.00282,0.10256
0.70295,0.00242,0.10256
0.72153,0.002,0.10256
0.74012,0.00154,0.10256
0.75871,0.00105,0.10256
0.7773,0.00055,0.10256
0.79589,0.0,0.10256
0.05557,0.0,0.12821
0.07478,0.15442,0.12821
0.09399,0.22771,0.12821
0.11319,0.23853,0.12821
0.1324,0.20553,0.12821
0.15161,0.14739,0.12821
0.17081,0.08277,0.12821
0.19002,0.0303,0.12821
0.20923,0.00867,0.12821
0.22914,0.00867,0.12821
0.24905,0.00867,0.12821
0.26897,0.00867,0.12821
0.28888,0.00867,0.12821
0.30879,0.00867,0.12821
0.3287,0.00867,0.12821
0.34862,0.00867,0.12821
0.36853,0.00867,0.12821
0.38844,0.00867,0.12821
0.40835,0.00867,0.12821
0.42826,0.00867,0.12821
0.44766,0.00865,0.12821
0.46706,0.00859,0.12821
0.48646,0.00848,0.12821
0.50585,0.00833,0.12821
0.52525,0.00812,0.12821
0.54465,0.00789,0.12821
0.56405,0.00762,0.12821
0.58344,0.00728,0.12821
0.60284,0.00692,0.12821
0.62224,0.0065,0.12821
0.64164,0.00604,0.12821
0.66103,0.00556,0.12821
0.68043,0.00501,0.12821
0.69983,0.00442,0.12821
0.71922,0.00379,0.12821
0.73862,0.00311,0.12821
0.75802,0.0024,0.12821
0.77742,0.00164,0.12821
0.79681,0.00084,0.12821
0.81621,0.0,0.12821
0.05027,0.0,0.15385
0.07247,0.16606,0.15385
0.09468,0.23215,0.15385
0.11688,0.22542,0.15385
0.13908,0.17296,0.15385
0.16129,0.10189,0.15385
0.18349,0.03937,0.15385
0.2057,0.01252,0.15385
0.22458,0.01252,0.15385
0.24346,0.01252,0.15385
0.26235,0.01252,0.15385
0.28123,0.01252,0.15385
0.30011,0.01252,0.15385
0.319,0.01252,0.15385
0.33788,0.01252,0.15385
0.35676,0.01252,0.15385
0.37564,0.01252,0.15385
0.39453,0.01252,0.15385
0.41341,0.01252,0.15385
0.43229,0.01252,0.15385
0.45241,0.01248,0.15385
0.47252,0.01239,0.15385
0.49264,0.01223,0.15385
0.51275,0.01202,0.15385
0.53287,0.01172,0.15385
0.55298,0.01138,0.15385
0.5731,0.01098,0.15385
0.59321,0.0105,0.15385
0.61333,0.00997,0.15385
0.63344,0.00939,0.15385
0.65355,0.00873,0.15385
0.67367,0.008,0.15385
0.69378,0.00722,0.15385
0.7139,0.00638,0.15385
0.73401,0.00547,0.15385
0.75413,0.0045,0.15385
0.77424,0.00347,0.15385
0.79436,0.00238,0.15385
0.81447,0.00122,0.15385
0.83459,0.0,0.15385
0.04539,0.0,0.17948
0.06782,0.16326,0.17948
0.09025,0.22883,0.17948
0.11267,0.22313,0.17948
0.1351,0.17266,0.17948
0.15753,0.10385,0.17948
0.17995,0.04318,0.17948
0.20238,0.01707,0.17948
0.22187,0.01707,0.17948
0.24135,0.01707,0.17948
0.26084,0.01707,0.17948
0.28033,0.01707,0.17948
0.29981,0.01707,0.17948
0.3193,0.01707,0.17948
0.33878,0.01707,0.17948
0.35827,0.01707,0.17948
0.37776,0.01707,0.17948
0.39724,0.01707,0.17948
0.41673,0.01707,0.17948
0.43621,0.01707,0.17948
0.45698,0.01702,0.17948
0.47774,0.0169,0.17948
0.4985,0.01669,0.17948
0.51927,0.01639,0.17948
0.54003,0.01599,0.17948
0.56079,0.01553,0.17948
0.58156,0.01498,0.17948
0.60232,0.01433,0.17948
0.62309,0.01362,0.17948
0.64385,0.01279,0.17948
0.66461,0.01191,0.17948
0.68538,0.01092,0.17948
0.70614,0.00985,0.17948
0.7269,0.00871,0.17948
0.74767,0.00747,0.17948
0.76843,0.00614,0.17948
0.78919,0.00473,0.17948
0.80996,0.00324,0.17948
0.83072,0.00166,0.17948
0.85148,0.0,0.17948
0.04085,0.0,0.20513
0.06348,0.16113,0.20513
0.08612,0.22649,0.20513
0.10875,0.22197,0.20513
0.13138,0.17344,0.20513
0.15402,0.10673,0.20513
0.17665,0.04775,0.20513
0.19928,0.02235,0.20513
0.21934,0.02235,0.20513
0.23941,0.02235,0.20513
0.25947,0.02235,0.20513
0.27953,0.02235,0.20513
0.29959,0.02235,0.20513
0.31965,0.02235,0.20513
0.33971,0.02235,0.20513
0.35978,0.02235,0.20513
0.37984,0.02235,0.20513
0.3999,0.02235,0.20513
0.41996,0.02235,0.20513
0.44002,0.02235,0.20513
0.46138,0.02229,0.20513
0.48274,0.02212,0.20513
0.5041,0.02184,0.20513
0.52546,0.02144,0.20513
0.54682,0.02096,0.20513
0.56818,0.02033,0.20513
0.58954,0.01961,0.20513
0.6109,0.01877,0.20513
0.63226,0.01782,0.20513
0.65362,0.01675,0.20513
0.67498,0.01559,0.20513
0.69634,0.01431,0.20513
0.7177,0.0129,0.20513
0.73906,0.01141,0.20513
0.76042,0.00979,0.20513
0.78177,0.00804,0.20513
0.80313,0.00621,0.20513
0.82449,0.00425,0.20513
0.84585,0.00219,0.20513
0.86721,0.0,0.20513
0.03659,0.0,0.23077
0.05942,0.15972,0.23077
0.08225,0.22527,0.23077
0.10508,0.22203,0.23077
0.12791,0.17536,0.23077
0.15074,0.11061,0.23077
0.17357,0.05316,0.23077
0.1964,0.02837,0.23077
0.21701,0.02837,0.23077
0.23762,0.02837,0.23077
0.25823,0.02837,0.23077
0.27884,0.02837,0.23077
0.29945,0.02837,0.23077
0.32006,0.02837,0.23077
0.34067,0.02837,0.23077
0.36128,0.02837,0.23077
0.38189,0.02837,0.23077
0.4025,0.02837,0.23077
0.42311,0.02837,0.23077
0.44372,0.02837,0.23077
0.46564,0.0283,0.23077
0.48755,0.02809,0.23077
0.50946,0.02774,0.23077
0.53138,0.02723,0.23077
0.55329,0.0266,0.23077
0.5752,0.02582,0.23077
0.59711,0.02489,0.23077
0.61903,0.02382,0.23077
0.64094,0.02262,0.23077
0.66285,0.02128,0.23077
0.68477,0.01978,0.23077
0.70668,0.01816,0.23077
0.72859,0.01637,0.23077
0.75051,0.01446,0.23077
0.77242,0.01242,0.23077
0.79433,0.01021,0.23077
0.81625,0.00787,0.23077
0.83816,0.00539,0.23077
0.86007,0.00276,0.23077
0.88198,0.0,0.23077
0.03255,0.0,0.25642
0.05558,0.15911,0.25642
0.07861,0.22525,0.25642
0.10163,0.2234,0.25642
0.12466,0.17847,0.25642
0.14768,0.11549,0.25642
0.17071,0.05939,0.25642
0.19373,0.03514,0.25642
0.21487,0.03514,0.25642
0.236,0.03514,0.25642
0.25713,0.03514,0.25642
0.27826,0.03514,0.25642
0.29939,0.03514,0.25642
0.32052,0.03514,0.25642
0.34166,0.03514,0.25642
0.36279,0.03514,0.25642
0.38392,0.03514,0.25642
0.40505,0.03514,0.25642
0.42618,0.03514,0.25642
0.44731,0.03514,0.25642
0.46974,0.03506,0.25642
0.49218,0.03479,0.25642
0.51461,0.03434,0.25642
0.53704,0.03373,0.25642
0.55947,0.03293,0.25642
0.58191,0.03197,0.25642
0.60434,0.03083,0.25642
0.62677,0.02952,0.25642
0.6492,0.02803,0.25642
0.67164,0.02635,0.25642
0.69407,0.02452,0.25642
0.7165,0.0225,0.25642
0.73893,0.02029,0.25642
0.76136,0.01793,0.25642
0.7838,0.01538,0.25642
0.80623,0.01265,0.25642
0.82866,0.00974,0.25642
0.85109,0.00667,0.25642
0.87353,0.00343,0.25642
0.89596,0.0,0.25642
0.02872,0.0,0.28204
0.05194,0.15934,0.28204
0.07517,0.22649,0.28204
0.09839,0.22609,0.28204
0.12161,0.18285,0.28204
0.14484,0.12142,0.28204
0.16806,0.06648,0.28204
0.19128,0.04268,0.28204
0.21291,0.04268,0.28204
0.23454,0.04268,0.28204
0.25616,0.04268,0.28204
0.27779,0.04268,0.28204
0.29941,0.04268,0.28204
0.32104,0.04268,0.28204
0.34267,0.04268,0.28204
0.36429,0.04268,0.28204
0.38592,0.04268,0.28204
0.40754,0.04268,0.28204
0.42917,0.04268,0.28204
0.45079,0.04268,0.28204
0.47372,0.04257,0.28204
0.49664,0.04226,0.28204
0.51956,0.04171,0.28204
0.54248,0.04097,0.28204
0.56541,0.04,0.28204
0.58833,0.03883,0.28204
0.61125,0.03744,0.28204
0.63417,0.03584,0.28204
0.6571,0.03403,0.28204
0.68002,0.03201,0.28204
0.70294,0.02976,0.28204
0.72586,0.02731,0.28204
0.74879,0.02464,0.28204
0.77171,0.02176,0.28204
0.79463,0.01867,0.28204
0.81756,0.01536,0.28204
0.84048,0.01185,0.28204
0.8634,0.0081,0.28204
0.88632,0.00417,0.28204
0.90925,0.0,0.28204
0.02505,0.0,0.30769
0.04848,0.16044,0.30769
0.07191,0.22902,0.30769
0.09534,0.23022,0.30769
0.11877,0.18853,0.30769
0.14219,0.12845,0.30769
0.16562,0.07443,0.30769
0.18905,0.05099,0.30769
0.21114,0.05099,0.30769
0.23324,0.05099,0.30769
0.25533,0.05099,0.30769
0.27742,0.05099,0.30769
0.29952,0.05099,0.30769
0.32161,0.05099,0.30769
0.3437,0.05099,0.30769
0.36579,0.05099,0.30769
0.38789,0.05099,0.30769
0.40998,0.05099,0.30769
0.43207,0.05099,0.30769
0.45416,0.05099,0.30769
0.47755,0.05086,0.30769
0.50094,0.05048,0.30769
0.52433,0.04985,0.30769
0.54772,0.04895,0.30769
0.57111,0.04781,0.30769
0.5945,0.0464,0.30769
0.61789,0.04474,0.30769
0.64128,0.04285,0.30769
0.66467,0.04068,0.30769
0.68805,0.03824,0.30769
0.71144,0.03556,0.30769
0.73483,0.03264,0.30769
0.75822,0.02944,0.30769
0.78161,0.02601,0.30769
0.805,0.02231,0.30769
0.82839,0.01835,0.30769
0.85178,0.01414,0.30769
0.87517,0.00968,0.30769
0.89856,0.00497,0.30769
0.92194,0.0,0.30769
0.02154,0.0,0.33333
0.04518,0.16246,0.33333
0.06882,0.23291,0.33333
0.09246,0.23582,0.33333
0.11611,0.19558,0.33333
0.13975,0.1366,0.33333
0.16339,0.08331,0.33333
0.18704,0.06012,0.33333
0.20957,0.06012,0.33333
0.2321,0.06012,0.33333
0.25463,0.06012,0.33333
0.27717,0.06012,0.33333
0.2997,0.06012,0.33333
0.32223,0.06012,0.33333
0.34476,0.06012,0.33333
0.3673,0.06012,0.33333
0.38983,0.06012,0.33333
0.41236,0.06012,0.33333
0.43489,0.06012,0.33333
0.45743,0.06012,0.33333
0.48126,0.05997,0.33333
0.5051,0.05951,0.33333
0.52893,0.05878,0.33333
0.55277,0.05772,0.33333
0.5766,0.05636,0.33333
0.60044,0.05471,0.33333
0.62427,0.05276,0.33333
0.6481,0.05051,0.33333
0.67194,0.04794,0.33333
0.69577,0.0451,0.33333
0.71961,0.04194,0.33333
0.74344,0.03847,0.33333
0.76728,0.03472,0.33333
0.79111,0.03066,0.33333
0.81495,0.0263,0.33333
0.83878,0.02163,0.33333
0.86262,0.01669,0.33333
0.88645,0.01143,0.33333
0.91029,0.00587,0.33333
0.93412,0.0,0.33333
0.01815,0.0,0.35898
0.04202,0.1654,0.35898
0.06589,0.23824,0.35898
0.08976,0.24295,0.35898
0.11363,0.20402,0.35898
0.1375,0.14592,0.35898
0.16137,0.09312,0.35898
0.18524,0.07008,0.35898
0.20818,0.07008,0.35898
0.23113,0.07008,0.35898
0.25407,0.07008,0.35898
0.27702,0.07008,0.35898
0.29996,0.07008,0.35898
0.32291,0.07008,0.35898
0.34585,0.07008,0.35898
0.3688,0.07008,0.35898
0.39174,0.07008,0.35898
0.41469,0.07008,0.35898
0.43763,0.07008,0.35898
0.46058,0.07008,0.35898
0.48484,0.06989,0.35898
0.5091,0.06936,0.35898
0.53337,0.0685,0.35898
0.55763,0.06728,0.35898
0.58189,0.0657,0.35898
0.60616,0.06376,0.35898
0.63042,0.06149,0.35898
0.65468,0.05886,0.35898
0.67895,0.05589,0.35898
0.70321,0.05255,0.35898
0.72747,0.04888,0.35898
0.75174,0.04484,0.35898
0.776,0.04047,0.35898
0.80026,0.03573,0.35898
0.82453,0.03066,0.35898
0.84879,0.02523,0.35898
0.87305,0.01944,0.35898
0.89732,0.01332,0.35898
0.92158,0.00684,0.35898
0.94584,0.0,0.35898
0.01489,0.0,0.38462
0.039,0.16936,0.38462
0.06311,0.24503,0.38462
0.08722,0.25166,0.38462
0.11133,0.21393,0.38462
0.13544,0.15644,0.38462
0.15954,0.10387,0.38462
0.18365,0.08087,0.38462
0.20698,0.08087,0.38462
0.23032,0.08087,0.38462
0.25364,0.08087,0.38462
0.27698,0.08087,0.38462
0.30031,0.08087,0.38462
0.32364,0.08087,0.38462
0.34697,0.08087,0.38462
0.3703,0.08087,0.38462
0.39363,0.08087,0.38462
0.41696,0.08087,0.38462
0.44029,0.08087,0.38462
0.46362,0.08087,0.38462
0.4883,0.08068,0.38462
0.51297,0.08007,0.38462
0.53765,0.07906,0.38462
0.56233,0.07763,0.38462
0.587,0.07582,0.38462
0.61168,0.07359,0.38462
0.63635,0.07096,0.38462
0.66103,0.06793,0.38462
0.68571,0.0645,0.38462
0.71038,0.06065,0.38462
0.73506,0.05642,0.38462
0.75974,0.05177,0.38462
0.78441,0.0467,0.38462
0.80909,0.04125,0.38462
0.83377,0.03537,0.38462
0.85844,0.02912,0.38462
0.88312,0.02243,0.38462
0.9078,0.01536,0.38462
0.93247,0.00789,0.38462
0.95715,0.0,0.38462
0.01173,0.0,0.41025
0.0361,0.17435,0.41025
0.06046,0.25339,0.41025
0.08483,0.26208,0.41025
0.10919,0.22536,0.41025
0.13356,0.16822,0.41025
0.15792,0.11564,0.41025
0.18229,0.09255,0.41025
0.20598,0.09255,0.41025
0.22966,0.09255,0.41025
0.25335,0.09255,0.41025
0.27704,0.09255,0.41025
0.30073,0.09255,0.41025
0.32442,0.09255,0.41025
0.34811,0.09255,0.41025
0.3718,0.09255,0.41025
0.39549,0.09255,0.41025
0.41917,0.09255,0.41025
0.44286,0.09255,0.41025
0.46655,0.09255,0.41025
0.49163,0.09232,0.41025
0.51671,0.09162,0.41025
0.54178,0.09049,0.41025
0.56686,0.08887,0.41025
0.59194,0.08678,0.41025
0.61701,0.08424,0.41025
0.64209,0.08123,0.41025
0.66717,0.07776,0.41025
0.69224,0.07382,0.41025
0.71732,0.06942,0.41025
0.7424,0.06456,0.41025
0.76747,0.05924,0.41025
0.79255,0.05345,0.41025
0.81762,0.0472,0.41025
0.8427,0.04049,0.41025
0.86778,0.03331,0.41025
0.89285,0.02569,0.41025
0.91793,0.01759,0.41025
0.94301,0.00903,0.41025
0.96808,0.0,0.41025
0.00868,0.0,0.4359
0.03331,0.18045,0.4359
0.05795,0.26338,0.4359
0.08259,0.27422,0.4359
0.10722,0.2384,0.4359
0.13186,0.18133,0.4359
0.1565,0.12845,0.4359
0.18114,0.10516,0.4359
0.20734,0.10516,0.4359
0.23354,0.10516,0.4359
0.25975,0.10516,0.4359
0.28595,0.10516,0.4359
0.31216,0.10516,0.4359
0.33836,0.10516,0.4359
0.36456,0.10516,0.4359
0.39076,0.10516,0.4359
0.41697,0.10516,0.4359
0.44317,0.10516,0.4359
0.46937,0.10516,0.4359
0.49363,0.10492,0.4359
0.51788,0.10421,0.4359
0.54213,0.10301,0.4359
0.56639,0.10135,0.4359
0.59064,0.0992,0.4359
0.61489,0.09657,0.4359
0.63914,0.09348,0.4359
0.6634,0.0899,0.4359
0.68765,0.08584,0.4359
0.7119,0.08131,0.4359
0.73616,0.0763,0.4359
0.76041,0.07081,0.4359
0.78466,0.06486,0.4359
0.80891,0.05842,0.4359
0.83317,0.05152,0.4359
0.85742,0.04411,0.4359
0.88167,0.03624,0.4359
0.90592,0.0279,0.4359
0.93018,0.01909,0.4359
0.95443,0.00979,0.4359
0.97868,0.0,0.4359
0.0057,0.0,0.46154
0.03063,0.18773,0.46154
0.05556,0.27513,0.46154
0.08049,0.28826,0.46154
0.10542,0.25314,0.46154
0.13035,0.19581,0.46154
0.15528,0.14232,0.46154
0.18021,0.11871,0.46154
0.20674,0.11871,0.46154
0.23327,0.11871,0.46154
0.25981,0.11871,0.46154
0.28634,0.11871,0.46154
0.31288,0.11871,0.46154
0.33941,0.11871,0.46154
0.36595,0.11871,0.46154
0.39248,0.11871,0.46154
0.41902,0.11871,0.46154
0.44555,0.11871,0.46154
0.47209,0.11871,0.46154
0.4967,0.11846,0.46154
0.52132,0.11763,0.46154
0.54593,0.11629,0.46154
0.57054,0.11441,0.46154
0.59516,0.11197,0.46154
0.61977,0.10903,0.46154
0.64438,0.10551,0.46154
0.669,0.10149,0.46154
0.69361,0.09691,0.46154
0.71822,0.09179,0.46154
0.74284,0.08613,0.46154
0.76745,0.07995,0.46154
0.79207,0.07321,0.46154
0.81668,0.06595,0.46154
0.84129,0.05814,0.46154
0.86591,0.04981,0.46154
0.89052,0.04091,0.46154
0.91513,0.0315,0.46154
0.93975,0.02153,0.46154
0.96436,0.01103,0.46154
0.98898,0.0,0.46154
0.00281,0.0,0.48719
0.02805,0.19623,0.48719
0.05329,0.28872,0.48719
0.07853,0.30425,0.48719
0.10377,0.26965,0.48719
0.12901,0.21176,0.48719
0.15425,0.15737,0.48719
0.17949,0.13327,0.48719
0.20633,0.13327,0.48719
0.23316,0.13327,0.48719
0.26,0.13327,0.48719
0.28684,0.13327,0.48719
0.31367,0.13327,0.48719
0.34051,0.13327,0.48719
0.36734,0.13327,0.48719
0.39418,0.13327,0.48719
0.42102,0.13327,0.48719
0.44785,0.13327,0.48719
0.47469,0.13327,0.48719
0.49966,0.13295,0.48719
0.52462,0.13205,0.48719
0.54959,0.13053,0.48719
0.57456,0.12843,0.48719
0.59952,0.12572,0.48719
0.62449,0.12239,0.48719
0.64946,0.11846,0.48719
0.67442,0.11393,0.48719
0.69939,0.1088,0.48719
0.72435,0.10305,0.48719
0.74932,0.0967,0.48719
0.77429,0.08975,0.48719
0.79925,0.0822,0.48719
0.82422,0.07403,0.48719
0.84919,0.06528,0.48719
0.87415,0.05591,0.48719
0.89912,0.04594,0.48719
0.92409,0.03535,0.48719
0.94905,0.02418,0.48719
0.97402,0.01239,0.48719
0.99899,0.0,0.48719
0.0,0.0,0.51281
0.02557,0.20608,0.51281
0.05114,0.30427,0.51281
0.07671,0.32237,0.51281
0.10228,0.28811,0.51281
0.12785,0.22925,0.51281
0.15342,0.17359,0.51281
0.17899,0.14886,0.51281
0.20384,0.14886,0.51281
0.22869,0.14886,0.51281
0.25354,0.14886,0.51281
0.27839,0.14886,0.51281
0.30324,0.14886,0.51281
0.32809,0.14886,0.51281
0.35294,0.14886,0.51281
0.37779,0.14886,0.51281
0.40264,0.14886,0.51281
0.42749,0.14886,0.51281
0.45233,0.14886,0.51281
0.47718,0.14886,0.51281
0.50333,0.14874,0.51281
0.52947,0.14836,0.51281
0.55561,0.14773,0.51281
0.58175,0.14682,0.51281
0.60789,0.14566,0.51281
0.63403,0.14423,0.51281
0.66017,0.14251,0.51281
0.68631,0.14047,0.51281
0.71245,0.13811,0.51281
0.73859,0.1354,0.51281
0.76473,0.1323,0.51281
0.79087,0.12877,0.51281
0.81702,0.12475,0.51281
0.84316,0.12014,0.51281
0.8693,0.11484,0.51281
0.89544,0.10867,0.51281
0.92158,0.10133,0.51281
0.94772,0.09219,0.51281
0.97386,0.07978,0.51281
1.0,0.0484,0.51281
0.00013,0.0,0.53846
0.02564,0.21408,0.53846
0.05115,0.3174,0.53846
0.07666,0.33836,0.53846
0.10217,0.30528,0.53846
0.12768,0.24657,0.53846
0.15319,0.19053,0.53846
0.17871,0.16555,0.53846
0.20378,0.16555,0.53846
0.22885,0.16555,0.53846
0.25392,0.16555,0.53846
0.27899,0.16555,0.53846
0.30407,0.16555,0.53846
0.32914,0.16555,0.53846
0.35421,0.16555,0.53846
0.37928,0.16555,0.53846
0.40435,0.16555,0.53846
0.42942,0.16555,0.53846
0.4545,0.16555,0.53846
0.47957,0.16555,0.53846
0.5055,0.16543,0.53846
0.53143,0.16503,0.53846
0.55736,0.16435,0.53846
0.58329,0.1634,0.53846
0.60923,0.16216,0.53846
0.63516,0.16065,0.53846
0.66109,0.15882,0.53846
0.68702,0.15665,0.53846
0.71295,0.15415,0.53846
0.73888,0.15126,0.53846
0.76481,0.14798,0.53846
0.79074,0.14423,0.53846
0.81668,0.13996,0.53846
0.84261,0.13508,0.53846
0.86854,0.12946,0.53846
0.89447,0.12292,0.53846
0.9204,0.11513,0.53846
0.94633,0.10543,0.53846
0.97226,0.09226,0.53846
0.99819,0.05899,0.53846
0.00107,0.0,0.5641
0.02644,0.22243,0.5641
0.0518,0.33121,0.5641
0.07717,0.35524,0.5641
0.10254,0.32351,0.5641
0.12791,0.26498,0.5641
0.15327,0.20863,0.5641
0.17864,0.18342,0.5641
0.20391,0.18342,0.5641
0.22917,0.18342,0.5641
0.25444,0.18342,0.5641
0.27971,0.18342,0.5641
0.30497,0.18342,0.5641
0.33024,0.18342,0.5641
0.35551,0.18342,0.5641
0.38078,0.18342,0.5641
0.40604,0.18342,0.5641
0.43131,0.18342,0.5641
0.45658,0.18342,0.5641
0.48184,0.18342,0.5641
0.50757,0.18327,0.5641
0.5333,0.18283,0.5641
0.55902,0.18211,0.5641
0.58475,0.1811,0.5641
0.61048,0.1798,0.5641
0.63621,0.17816,0.5641
0.66193,0.1762,0.5641
0.68766,0.17391,0.5641
0.71339,0.17123,0.5641
0.73912,0.16816,0.5641
0.76484,0.16465,0.5641
0.79057,0.16065,0.5641
0.8163,0.15608,0.5641
0.84202,0.15086,0.5641
0.86775,0.14487,0.5641
0.89348,0.13788,0.5641
0.91921,0.12955,0.5641
0.94493,0.11919,0.5641
0.97066,0.10511,0.5641
0.99639,0.06957,0.5641
0.00203,0.0,0.58975
0.02728,0.23215,0.58975
0.05253,0.34701,0.58975
0.07778,0.37428,0.58975
0.10303,0.34375,0.58975
0.12829,0.2851,0.58975
0.15354,0.22811,0.58975
0.17879,0.2025,0.58975
0.20422,0.2025,0.58975
0.22966,0.2025,0.58975
0.25509,0.2025,0.58975
0.28053,0.2025,0.58975
0.30596,0.2025,0.58975
0.3314,0.2025,0.58975
0.35683,0.2025,0.58975
0.38227,0.2025,0.58975
0.4077,0.2025,0.58975
0.43314,0.2025,0.58975
0.45857,0.2025,0.58975
0.48401,0.2025,0.58975
0.50954,0.20236,0.58975
0.53507,0.20189,0.58975
0.56059,0.20112,0.58975
0.58612,0.20004,0.58975
0.61165,0.19863,0.58975
0.63718,0.19686,0.58975
0.66271,0.19476,0.58975
0.68824,0.1923,0.58975
0.71377,0.18941,0.58975
0.7393,0.18611,0.58975
0.76482,0.18234,0.58975
0.79035,0.17803,0.58975
0.81588,0.17313,0.58975
0.84141,0.16753,0.58975
0.86694,0.16109,0.58975
0.89247,0.15356,0.58975
0.918,0.14461,0.58975
0.94352,0.13348,0.58975
0.96905,0.11835,0.58975
0.99458,0.08016,0.58975
0.003,0.0,0.61538
0.02817,0.24331,0.61538
0.05333,0.36498,0.61538
0.0785,0.39571,0.61538
0.10366,0.36616,0.61538
0.12883,0.30705,0.61538
0.15399,0.24907,0.61538
0.17916,0.22294,0.61538
0.20473,0.22294,0.61538
0.23031,0.22294,0.61538
0.25588,0.22294,0.61538
0.28146,0.22294,0.61538
0.30703,0.22294,0.61538
0.33261,0.22294,0.61538
0.35819,0.22294,0.61538
0.38376,0.22294,0.61538
0.40934,0.22294,0.61538
0.43491,0.22294,0.61538
0.46049,0.22294,0.61538
0.48606,0.22294,0.61538
0.5114,0.22277,0.61538
0.53673,0.22226,0.61538
0.56207,0.22144,0.61538
0.58741,0.22027,0.61538
0.61274,0.21873,0.61538
0.63808,0.21684,0.61538
0.66341,0.21456,0.61538
0.68875,0.21189,0.61538
0.71408,0.2088,0.61538
0.73942,0.20522,0.61538
0.76476,0.20114,0.61538
0.79009,0.19649,0.61538
0.81543,0.1912,0.61538
0.84076,0.18514,0.61538
0.8661,0.17818,0.61538
0.89143,0.17005,0.61538
0.91677,0.16037,0.61538
0.94211,0.14836,0.61538
0.96744,0.13201,0.61538
0.99278,0.09074,0.61538
0.00399,0.0,0.64102
0.0291,0.25604,0.64102
0.05421,0.38529,0.64102
0.07931,0.41965,0.64102
0.10442,0.39091,0.64102
0.12953,0.33098,0.64102
0.15463,0.27163,0.64102
0.17974,0.24478,0.64102
0.20543,0.24478,0.64102
0.23112,0.24478,0.64102
0.25681,0.24478,0.64102
0.2825,0.24478,0.64102
0.30819,0.24478,0.64102
0.33387,0.24478,0.64102
0.35956,0.24478,0.64102
0.38525,0.24478,0.64102
0.41094,0.24478,0.64102
0.43663,0.24478,0.64102
0.46232,0.24478,0.64102
0.48801,0.24478,0.64102
0.51316,0.24461,0.64102
0.5383,0.24407,0.64102
0.56345,0.24316,0.64102
0.5886,0.2419,0.64102
0.61375,0.24024,0.64102
0.6389,0.23817,0.64102
0.66405,0.23571,0.64102
0.68919,0.23281,0.64102
0.71434,0.22944,0.64102
0.73949,0.22557,0.64102
0.76464,0.22115,0.64102
0.78979,0.2161,0.64102
0.81493,0.21035,0.64102
0.84008,0.20377,0.64102
0.86523,0.19621,0.64102
0.89038,0.18739,0.64102
0.91553,0.17689,0.64102
0.94067,0.16385,0.64102
0.96582,0.14611,0.64102
0.99097,0.1013,0.64102
0.005,0.0,0.66667
0.03008,0.27045,0.66667
0.05515,0.40819,0.66667
0.08023,0.44636,0.66667
0.10531,0.41824,0.66667
0.13039,0.35703,0.66667
0.15546,0.29594,0.66667
0.18054,0.2682,0.66667
0.20632,0.2682,0.66667
0.23209,0.2682,0.66667
0.25787,0.2682,0.66667
0.28364,0.2682,0.66667
0.30942,0.2682,0.66667
0.33519,0.2682,0.66667
0.36097,0.2682,0.66667
0.38674,0.2682,0.66667
0.41252,0.2682,0.66667
0.43829,0.2682,0.66667
0.46407,0.2682,0.66667
0.48984,0.2682,0.66667
0.51481,0.26799,0.66667
0.53978,0.2674,0.66667
0.56474,0.26644,0.66667
0.58971,0.26505,0.66667
0.61467,0.26324,0.66667
0.63964,0.26101,0.66667
0.66461,0.25831,0.66667
0.68957,0.25516,0.66667
0.71454,0.25147,0.66667
0.7395,0.24726,0.66667
0.76447,0.24242,0.66667
0.78944,0.23693,0.66667
0.8144,0.23068,0.66667
0.83937,0.22353,0.66667
0.86433,0.21528,0.66667
0.8893,0.20568,0.66667
0.91427,0.19423,0.66667
0.93923,0.18003,0.66667
0.9642,0.16069,0.66667
0.98916,0.11189,0.66667
0.00602,0.0,0.69231
0.0311,0.28678,0.69231
0.05617,0.43388,0.69231
0.08125,0.47616,0.69231
0.10633,0.4484,0.69231
0.1314,0.38546,0.69231
0.15648,0.32214,0.69231
0.18156,0.29331,0.69231
0.20739,0.29331,0.69231
0.23323,0.29331,0.69231
0.25906,0.29331,0.69231
0.2849,0.29331,0.69231
0.31073,0.29331,0.69231
0.33656,0.29331,0.69231
0.3624,0.29331,0.69231
0.38823,0.29331,0.69231
0.41407,0.29331,0.69231
0.4399,0.29331,0.69231
0.46574,0.29331,0.69231
0.49157,0.29331,0.69231
0.51636,0.2931,0.69231
0.54115,0.29245,0.69231
0.56594,0.29137,0.69231
0.59073,0.28986,0.69231
0.61552,0.28788,0.69231
0.64031,0.28544,0.69231
0.6651,0.28249,0.69231
0.68989,0.27904,0.69231
0.71467,0.27502,0.69231
0.73946,0.27041,0.69231
0.76425,0.26515,0.69231
0.78904,0.25913,0.69231
0.81383,0.25229,0.69231
0.83862,0.24447,0.69231
0.86341,0.23546,0.69231
0.8882,0.22498,0.69231
0.91299,0.21246,0.69231
0.93778,0.19695,0.69231
0.96257,0.17582,0.69231
0.98736,0.12247,0.69231
0.00706,0.0,0.71796
0.03216,0.30522,0.71796
0.05727,0.46275,0.71796
0.08237,0.50936,0.71796
0.10748,0.48169,0.71796
0.13258,0.4165,0.71796
0.15769,0.35046,0.71796
0.18279,0.32029,0.71796
0.20866,0.32029,0.71796
0.23452,0.32029,0.71796
0.26039,0.32029,0.71796
0.28626,0.32029,0.71796
0.31212,0.32029,0.71796
0.33799,0.32029,0.71796
0.36386,0.32029,0.71796
0.38972,0.32029,0.71796
0.41559,0.32029,0.71796
0.44145,0.32029,0.71796
0.46732,0.32029,0.71796
0.49319,0.32029,0.71796
0.51781,0.32005,0.71796
0.54242,0.31934,0.71796
0.56704,0.31816,0.71796
0.59166,0.3165,0.71796
0.61628,0.31433,0.71796
0.6409,0.31166,0.71796
0.66552,0.30844,0.71796
0.69013,0.30465,0.71796
0.71475,0.30025,0.71796
0.73937,0.2952,0.71796
0.76399,0.28941,0.71796
0.78861,0.28285,0.71796
0.81322,0.27534,0.71796
0.83784,0.26677,0.71796
0.86246,0.2569,0.71796
0.88708,0.24539,0.71796
0.9117,0.23169,0.71796
0.93632,0.21467,0.71796
0.96093,0.19152,0.71796
0.98555,0.13306,0.71796
0.00811,0.0,0.74358
0.03327,0.32601,0.74358
0.05843,0.4951,0.74358
0.08359,0.54617,0.74358
0.10875,0.51816,0.74358
0.13392,0.44996,0.74358
0.15908,0.38051,0.74358
0.18424,0.34872,0.74358
0.21011,0.34872,0.74358
0.23598,0.34872,0.74358
0.26185,0.34872,0.74358
0.28773,0.34872,0.74358
0.3136,0.34872,0.74358
0.33947,0.34872,0.74358
0.36534,0.34872,0.74358
0.39121,0.34872,0.74358
0.41708,0.34872,0.74358
0.44295,0.34872,0.74358
0.46882,0.34872,0.74358
0.49469,0.34872,0.74358
0.51915,0.34846,0.74358
0.5436,0.34769,0.74358
0.56805,0.3464,0.74358
0.5925,0.34457,0.74358
0.61696,0.34221,0.74358
0.64141,0.33927,0.74358
0.66586,0.33575,0.74358
0.69031,0.33159,0.74358
0.71477,0.32679,0.74358
0.73922,0.32123,0.74358
0.76367,0.31492,0.74358
0.78813,0.3077,0.74358
0.81258,0.29949,0.74358
0.83703,0.29009,0.74358
0.86148,0.27929,0.74358
0.88594,0.26669,0.74358
0.91039,0.25166,0.74358
0.93484,0.23304,0.74358
0.95929,0.20768,0.74358
0.98375,0.14364,0.74358
0.00918,0.0,0.76923
0.03442,0.34941,0.76923
0.05967,0.53106,0.76923
0.08492,0.58649,0.76923
0.11017,0.55726,0.76923
0.13541,0.48493,0.76923
0.16066,0.41107,0.76923
0.18591,0.37721,0.76923
0.20977,0.37721,0.76923
0.23363,0.37721,0.76923
0.25749,0.37721,0.76923
0.28135,0.37721,0.76923
0.30521,0.37721,0.76923
0.32907,0.37721,0.76923
0.35293,0.37721,0.76923
0.37679,0.37721,0.76923
0.40065,0.37721,0.76923
0.42451,0.37721,0.76923
0.44837,0.37721,0.76923
0.47223,0.37721,0.76923
0.49609,0.37721,0.76923
0.52166,0.37689,0.76923
0.54723,0.37597,0.76923
0.5728,0.37441,0.76923
0.59838,0.3722,0.76923
0.62395,0.36934,0.76923
0.64952,0.3658,0.76923
0.67509,0.36153,0.76923
0.70066,0.35648,0.76923
0.72623,0.35061,0.76923
0.7518,0.34383,0.76923
0.77737,0.33605,0.76923
0.80294,0.3271,0.76923
0.82851,0.31684,0.76923
0.85408,0.30497,0.76923
0.87966,0.2911,0.76923
0.90523,0.27447,0.76923
0.9308,0.25381,0.76923
0.95637,0.22561,0.76923
0.98194,0.15423,0.76923
0.01026,0.0,0.79487
0.03562,0.37586,0.79487
0.06098,0.57125,0.79487
0.08634,0.63085,0.79487
0.11171,0.59941,0.79487
0.13707,0.52159,0.79487
0.16243,0.44213,0.79487
0.18779,0.4057,0.79487
0.21161,0.4057,0.79487
0.23542,0.4057,0.79487
0.25923,0.4057,0.79487
0.28305,0.4057,0.79487
0.30686,0.4057,0.79487
0.33068,0.4057,0.79487
0.35449,0.4057,0.79487
0.37831,0.4057,0.79487
0.40212,0.4057,0.79487
0.42593,0.4057,0.79487
0.44975,0.4057,0.79487
0.47356,0.4057,0.79487
0.49738,0.4057,0.79487
0.52279,0.40537,0.79487
0.54819,0.40436,0.79487
0.5736,0.40267,0.79487
0.59901,0.40029,0.79487
0.62442,0.3972,0.79487
0.64983,0.39337,0.79487
0.67524,0.38876,0.79487
0.70064,0.38331,0.79487
0.72605,0.37696,0.79487
0.75146,0.36963,0.79487
0.77687,0.36122,0.79487
0.80228,0.35158,0.79487
0.82769,0.34049,0.79487
0.85309,0.32767,0.79487
0.8785,0.31267,0.79487
0.90391,0.29472,0.79487
0.92932,0.27239,0.79487
0.95473,0.24192,0.79487
0.98013,0.16481,0.79487
0.01136,0.0,0.82052
0.03686,0.40585,0.82052
0.06237,0.61635,0.82052
0.08787,0.67997,0.82052
0.11338,0.6451,0.82052
0.13888,0.56023,0.82052
0.16439,0.47378,0.82052
0.18989,0.4342,0.82052
0.21364,0.4342,0.82052
0.23738,0.4342,0.82052
0.26112,0.4342,0.82052
0.28487,0.4342,0.82052
0.30861,0.4342,0.82052
0.33235,0.4342,0.82052
0.3561,0.4342,0.82052
0.37984,0.4342,0.82052
0.40358,0.4342,0.82052
0.42733,0.4342,0.82052
0.45107,0.4342,0.82052
0.47481,0.4342,0.82052
0.49856,0.4342,0.82052
0.52381,0.43384,0.82052
0.54906,0.43274,0.82052
0.57431,0.43093,0.82052
0.59956,0.42839,0.82052
0.62481,0.42506,0.82052
0.65006,0.42094,0.82052
0.67531,0.41599,0.82052
0.70057,0.41012,0.82052
0.72582,0.4033,0.82052
0.75107,0.39545,0.82052
0.77632,0.38641,0.82052
0.80157,0.37603,0.82052
0.82682,0.36412,0.82052
0.85207,0.35036,0.82052
0.87732,0.33424,0.82052
0.90258,0.31496,0.82052
0.92783,0.29097,0.82052
0.95308,0.25825,0.82052
0.97833,0.1754,0.82052
0.01247,0.0,0.84615
0.03815,0.44007,0.84615
0.06382,0.66734,0.84615
0.0895,0.73468,0.84615
0.11518,0.69501,0.84615
0.14085,0.6012,0.84615
0.16653,0.50612,0.84615
0.19221,0.46269,0.84615
0.21586,0.46269,0.84615
0.2395,0.46269,0.84615
0.26315,0.46269,0.84615
0.2868,0.46269,0.84615
0.31044,0.46269,0.84615
0.33409,0.46269,0.84615
0.35774,0.46269,0.84615
0.38139,0.46269,0.84615
0.40503,0.46269,0.84615
0.42868,0.46269,0.84615
0.45233,0.46269,0.84615
0.47598,0.46269,0.84615
0.49962,0.46269,0.84615
0.52472,0.46229,0.84615
0.54982,0.46113,0.84615
0.57492,0.45922,0.84615
0.60002,0.45648,0.84615
0.62512,0.45293,0.84615
0.65022,0.44853,0.84615
0.67532,0.44322,0.84615
0.70042,0.43695,0.84615
0.72552,0.42967,0.84615
0.75062,0.42125,0.84615
0.77572,0.4116,0.84615
0.80082,0.40051,0.84615
0.82592,0.38777,0.84615
0.85102,0.37304,0.84615
0.87612,0.35581,0.84615
0.90122,0.33521,0.84615
0.92632,0.30955,0.84615
0.95142,0.27456,0.84615
0.97652,0.18596,0.84615
0.0136,0.0,0.87179
0.03948,0.47938,0.87179
0.06535,0.72538,0.87179
0.09123,0.79621,0.87179
0.11711,0.75002,0.87179
0.14299,0.64499,0.87179
0.16886,0.53933,0.87179
0.19474,0.49116,0.87179
0.21827,0.49116,0.87179
0.24179,0.49116,0.87179
0.26532,0.49116,0.87179
0.28885,0.49116,0.87179
0.31237,0.49116,0.87179
0.3359,0.49116,0.87179
0.35942,0.49116,0.87179
0.38295,0.49116,0.87179
0.40648,0.49116,0.87179
0.43,0.49116,0.87179
0.45353,0.49116,0.87179
0.47706,0.49116,0.87179
0.50058,0.49116,0.87179
0.52554,0.49076,0.87179
0.55049,0.48954,0.87179
0.57545,0.48748,0.87179
0.6004,0.48457,0.87179
0.62536,0.48079,0.87179
0.65031,0.47609,0.87179
0.67526,0.47045,0.87179
0.70022,0.46378,0.87179
0.72517,0.45602,0.87179
0.75013,0.44705,0.87179
0.77508,0.43678,0.87179
0.80004,0.42498,0.87179
0.82499,0.41141,0.87179
0.84994,0.39573,0.87179
0.8749,0.37738,0.87179
0.89985,0.35545,0.87179
0.92481,0.32814,0.87179
0.94976,0.29087,0.87179
0.97472,0.19655,0.87179
0.01474,0.0,0.89744
0.04085,0.52492,0.89744
0.06696,0.79209,0.89744
0.09306,0.86604,0.89744
0.11917,0.81126,0.89744
0.14528,0.69226,0.89744
0.17138,0.57357,0.89744
0.19749,0.51965,0.89744
0.22087,0.51965,0.89744
0.24425,0.51965,0.89744
0.26763,0.51965,0.89744
0.29101,0.51965,0.89744
0.31439,0.51965,0.89744
0.33777,0.51965,0.89744
0.36115,0.51965,0.89744
0.38453,0.51965,0.89744
0.40791,0.51965,0.89744
0.43129,0.51965,0.89744
0.45467,0.51965,0.89744
0.47805,0.51965,0.89744
0.50143,0.51965,0.89744
0.52625,0.51923,0.89744
0.55106,0.51793,0.89744
0.57588,0.51574,0.89744
0.60069,0.51265,0.89744
0.62551,0.50865,0.89744
0.65032,0.50366,0.89744
0.67513,0.49769,0.89744
0.69995,0.49061,0.89744
0.72476,0.48237,0.89744
0.74958,0.47287,0.89744
0.77439,0.46195,0.89744
0.79921,0.44943,0.89744
0.82402,0.43506,0.89744
0.84884,0.41843,0.89744
0.87365,0.39897,0.89744
0.89847,0.37569,0.89744
0.92328,0.34672,0.89744
0.9481,0.3072,0.89744
0.97291,0.20713,0.89744
0.01591,0.0,0.92308
0.04227,0.57822,0.92308
0.06863,0.86959,0.92308
0.095,0.94621,0.92308
0.12136,0.88026,0.92308
0.14773,0.74386,0.92308
0.17409,0.60909,0.92308
0.20046,0.54815,0.92308
0.22367,0.54815,0.92308
0.24687,0.54815,0.92308
0.27008,0.54815,0.92308
0.29329,0.54815,0.92308
0.3165,0.54815,0.92308
0.33971,0.54815,0.92308
0.36292,0.54815,0.92308
0.38613,0.54815,0.92308
0.40934,0.54815,0.92308
0.43254,0.54815,0.92308
0.45575,0.54815,0.92308
0.47896,0.54815,0.92308
0.50217,0.54815,0.92308
0.52685,0.54769,0.92308
0.55153,0.54632,0.92308
0.57621,0.544,0.92308
0.60089,0.54074,0.92308
0.62557,0.53651,0.92308
0.65026,0.53125,0.92308
0.67494,0.52492,0.92308
0.69962,0.51742,0.92308
0.7243,0.50873,0.92308
0.74898,0.49867,0.92308
0.77366,0.48714,0.92308
0.79834,0.47391,0.92308
0.82302,0.45869,0.92308
0.8477,0.44112,0.92308
0.87238,0.42054,0.92308
0.89706,0.39592,0.92308
0.92174,0.3653,0.92308
0.94642,0.32351,0.92308
0.97111,0.21772,0.92308
0.01708,0.0,0.94871
0.04373,0.64141,0.94871
0.07038,0.96082,0.94871
0.09703,1.0,0.94871
0.12369,0.95915,0.94871
0.15034,0.80093,0.94871
0.17699,0.64628,0.94871
0.20364,0.57664,0.94871
0.22665,0.57664,0.94871
0.24967,0.57664,0.94871
0.27268,0.57664,0.94871
0.29569,0.57664,0.94871
0.3187,0.57664,0.94871
0.34171,0.57664,0.94871
0.36473,0.57664,0.94871
0.38774,0.57664,0.94871
0.41075,0.57664,0.94871
0.43376,0.57664,0.94871
0.45678,0.57664,0.94871
0.47979,0.57664,0.94871
0.5028,0.57664,0.94871
0.52735,0.57616,0.94871
0.55191,0.57471,0.94871
0.57646,0.57226,0.94871
0.60101,0.56883,0.94871
0.62556,0.56437,0.94871
0.65012,0.55882,0.94871
0.67467,0.55215,0.94871
0.69922,0.54426,0.94871
0.72377,0.53508,0.94871
0.74833,0.52449,0.94871
0.77288,0.51233,0.94871
0.79743,0.49838,0.94871
0.82198,0.48234,0.94871
0.84654,0.4638,0.94871
0.87109,0.44211,0.94871
0.89564,0.41616,0.94871
0.92019,0.38388,0.94871
0.94475,0.33981,0.94871
0.9693,0.2283,0.94871
0.01827,0.0,0.97435
0.04524,0.71749,0.97435
0.07221,1.0,0.97435
0.09917,1.0,0.97435
0.12614,1.0,0.97435
0.15311,0.86515,0.97435
0.18007,0.68561,0.97435
0.20704,0.60513,0.97435
0.22983,0.60513,0.97435
0.25262,0.60513,0.97435
0.27541,0.60513,0.97435
0.2982,0.60513,0.97435
0.32099,0.60513,0.97435
0.34379,0.60513,0.97435
0.36658,0.60513,0.97435
0.38937,0.60513,0.97435
0.41216,0.60513,0.97435
0.43495,0.60513,0.97435
0.45774,0.60513,0.97435
0.48053,0.60513,0.97435
0.50332,0.60513,0.97435
0.52775,0.60463,0.97435
0.55218,0.60309,0.97435
0.57661,0.60055,0.97435
0.60104,0.59693,0.97435
0.62547,0.59221,0.97435
0.6499,0.58638,0.97435
0.67433,0.57938,0.97435
0.69876,0.57109,0.97435
0.72319,0.56145,0.97435
0.74762,0.55029,0.97435
0.77205,0.53752,0.97435
0.79648,0.52283,0.97435
0.82091,0.50598,0.97435
0.84534,0.48649,0.97435
0.86977,0.46368,0.97435
0.8942,0.43641,0.97435
0.91863,0.40244,0.97435
0.94306,0.35614,0.97435
0.96749,0.23889,0.97435
0.01948,0.0,1.0
0.04338,0.73455,1.0
0.06727,1.0,1.0
0.09117,1.0,1.0
0.11507,1.0,1.0
0.13897,1.0,1.0
0.16286,0.88106,1.0
0.18676,0.70745,1.0
0.21066,0.63363,1.0
0.23508,0.63363,1.0
0.2595,0.63363,1.0
0.28393,0.63363,1.0
0.30835,0.63363,1.0
0.33277,0.63363,1.0
0.35719,0.63363,1.0
0.38162,0.63363,1.0
0.40604,0.63363,1.0
0.43046,0.63363,1.0
0.45488,0.63363,1.0
0.47931,0.63363,1.0
0.50373,0.63363,1.0
0.52804,0.6331,1.0
0.55236,0.63148,1.0
0.57667,0.62881,1.0
0.60098,0.62502,1.0
0.6253,0.62008,1.0
0.64961,0.61397,1.0
0.67392,0.60661,1.0
0.69824,0.59792,1.0
0.72255,0.58779,1.0
0.74687,0.57612,1.0
0.77118,0.56269,1.0
0.79549,0.54731,1.0
0.81981,0.52963,1.0
0.84412,0.50918,1.0
0.86843,0.48525,1.0
0.89275,0.45665,1.0
0.91706,0.42102,1.0
0.94137,0.37245,1.0
0.96569,0.24947,1.0
