0.03427,0.0,0.0
0.05352,0.0,0.0
0.07277,0.0,0.0
0.09202,0.0,0.0
0.11127,0.0,0.0
0.13052,0.0,0.0
0.14977,0.0,0.0
0.16902,0.0,0.0
0.18827,0.0,0.0
0.20752,0.0,0.0
0.22677,0.0,0.0
0.24602,0.0,0.0
0.26527,0.0,0.0
0.28452,0.0,0.0
0.30378,0.0,0.0
0.32303,0.0,0.0
0.34228,0.0,0.0
0.36153,0.0,0.0
0.38078,0.0,0.0
0.40003,0.0,0.0
0.41928,0.0,0.0
0.43853,0.0,0.0
0.45778,0.0,0.0
0.47703,0.0,0.0
0.49628,0.0,0.0
0.51553,0.0,0.0
0.53478,0.0,0.0
0.55404,0.0,0.0
0.57329,0.0,0.0
0.59254,0.0,0.0
0.61179,0.0,0.0
0.63104,0.0,0.0
0.65029,0.0,0.0
0.66954,0.0,0.0
0.68879,0.0,0.0
0.70804,0.0,0.0
0.72729,0.0,0.0
0.74654,0.0,0.0
0.76579,0.0,0.0
0.78504,0.0,0.0
0.02573,0.0,0.02563
0.0495,0.11744,0.02563
0.07326,0.0005,0.02563
0.09316,0.0005,0.02563
0.11305,0.0005,0.02563
0.13295,0.0005,0.02563
0.15284,0.0005,0.02563
0.17273,0.0005,0.02563
0.19263,0.0005,0.02563
0.21252,0.0005,0.02563
0.23242,0.0005,0.02563
0.25231,0.0005,0.02563
0.27221,0.0005,0.02563
0.2921,0.0005,0.02563
0.31199,0.0005,0.02563
0.33189,0.0005,0.02563
0.35178,0.0005,0.02563
0.37168,0.0005,0.02563
0.39157,0.0005,0.02563
0.41146,0.0005,0.02563
0.43136,0.0005,0.02563
0.45125,0.0005,0.02563
0.47115,0.0005,0.02563
0.49104,0.0005,0.02563
0.51214,0.0005,0.02563
0.53324,0.0005,0.02563
0.55434,0.0005,0.02563
0.57544,0.00048,0.02563
0.59654,0.00046,0.02563
0.61764,0.00044,0.02563
0.63874,0.0004,0.02563
0.65984,0.00038,0.02563
0.68094,0.00034,0.02563
0.70204,0.00031,0.02563
0.72314,0.00027,0.02563
0.74424,0.00023,0.02563
0.76534,0.00017,0.02563
0.78644,0.00011,0.02563
0.80754,6e-05,0.02563
0.82864,0.0,0.02563
0.02219,0.0,0.05128
0.04803,0.11294,0.05128
0.07387,0.00203,0.05128
0.09458,0.00203,0.05128
0.11529,0.00203,0.05128
0.13599,0.00203,0.05128
0.1567,0.00203,0.05128
0.17741,0.00203,0.05128
0.19812,0.00203,0.05128
0.21883,0.00203,0.05128
0.23953,0.00203,0.05128
0.26024,0.00203,0.05128
0.28095,0.00203,0.05128
0.30166,0.00203,0.05128
0.32236,0.00203,0.05128
0.34307,0.00203,0.05128
0.36378,0.00203,0.05128
0.38449,0.00203,0.05128
0.4052,0.00203,0.05128
0.4259,0.00203,0.05128
0.44661,0.00203,0.05128
0.46732,0.00203,0.05128
0.48803,0.00203,0.05128
0.50913,0.00203,0.05128
0.53022,0.00201,0.05128
0.55132,0.00197,0.05128
0.57242,0.00192,0.05128
0.59352,0.00186,0.05128
0.61462,0.00178,0.05128
0.63571,0.00169,0.05128
0.65681,0.00159,0.05128
0.67791,0.00146,0.05128
0.69901,0.00132,0.05128
0.72011,0.00119,0.05128
0.74121,0.00102,0.05128
0.7623,0.00084,0.05128
0.7834,0.00065,0.05128
0.8045,0.00044,0.05128
0.8256,0.00023,0.05128
0.8467,0.0,0.05128
0.01947,0.0,0.07692
0.04698,0.10753,0.07692
0.07448,0.00458,0.07692
0.09502,0.00458,0.07692
0.11555,0.00458,0.07692
0.13609,0.00458,0.07692
0.15663,0.00458,0.07692
0.17716,0.00458,0.07692
0.1977,0.00458,0.07692
0.21824,0.00458,0.07692
0.23878,0.00458,0.07692
0.25931,0.00458,0.07692
0.27985,0.00458,0.07692
0.30039,0.00458,0.07692
0.32092,0.00458,0.07692
0.34146,0.00458,0.07692
0.362,0.00458,0.07692
0.38254,0.00458,0.07692
0.40307,0.00458,0.07692
0.42361,0.00458,0.07692
0.44415,0.00458,0.07692
0.46469,0.00458,0.07692
0.48522,0.00458,0.07692
0.5073,0.00456,0.07692
0.52938,0.00452,0.07692
0.55146,0.00445,0.07692
0.57353,0.00433,0.07692
0.59561,0.00418,0.07692
0.61769,0.00401,0.07692
0.63977,0.00381,0.07692
0.66185,0.00356,0.07692
0.68393,0.0033,0.07692
0.706,0.00299,0.07692
0.72808,0.00266,0.07692
0.75016,0.0023,0.07692
0.77224,0.0019,0.07692
0.79432,0.00148,0.07692
0.8164,0.00102,0.07692
0.83847,0.00052,0.07692
0.86055,0.0,0.07692
0.01719,0.0,0.10257
0.04614,0.10236,0.10257
0.07509,0.00816,0.10257
0.09654,0.00816,0.10257
0.11799,0.00816,0.10257
0.13944,0.00816,0.10257
0.16089,0.00816,0.10257
0.18234,0.00816,0.10257
0.20379,0.00816,0.10257
0.22524,0.00816,0.10257
0.24668,0.00816,0.10257
0.26813,0.00816,0.10257
0.28958,0.00816,0.10257
0.31103,0.00816,0.10257
0.33248,0.00816,0.10257
0.35393,0.00816,0.10257
0.37538,0.00816,0.10257
0.39683,0.00816,0.10257
0.41827,0.00816,0.10257
0.43972,0.00816,0.10257
0.46117,0.00816,0.10257
0.48262,0.00816,0.10257
0.50427,0.00815,0.10257
0.52591,0.00807,0.10257
0.54756,0.00793,0.10257
0.5692,0.00776,0.10257
0.59085,0.00753,0.10257
0.61249,0.00726,0.10257
0.63414,0.00694,0.10257
0.65578,0.00655,0.10257
0.67743,0.00613,0.10257
0.69907,0.00565,0.10257
0.72072,0.00512,0.10257
0.74236,0.00454,0.10257
0.76401,0.00391,0.10257
0.78565,0.00322,0.10257
0.8073,0.00249,0.10257
0.82894,0.00171,0.10257
0.85059,0.00088,0.10257
0.87223,0.0,0.10257
0.01517,0.0,0.1282
0.04544,0.09782,0.1282
0.07571,0.0128,0.1282
0.097,0.0128,0.1282
0.11829,0.0128,0.1282
0.13958,0.0128,0.1282
0.16087,0.0128,0.1282
0.18216,0.0128,0.1282
0.20345,0.0128,0.1282
0.22474,0.0128,0.1282
0.24603,0.0128,0.1282
0.26732,0.0128,0.1282
0.28861,0.0128,0.1282
0.3099,0.0128,0.1282
0.33119,0.0128,0.1282
0.35248,0.0128,0.1282
0.37377,0.0128,0.1282
0.39507,0.0128,0.1282
0.41636,0.0128,0.1282
0.43765,0.0128,0.1282
0.45894,0.0128,0.1282
0.48023,0.0128,0.1282
0.50258,0.01276,0.1282
0.52493,0.01265,0.1282
0.54728,0.01246,0.1282
0.56963,0.01217,0.1282
0.59198,0.01182,0.1282
0.61433,0.01138,0.1282
0.63668,0.01087,0.1282
0.65902,0.01027,0.1282
0.68138,0.0096,0.1282
0.70372,0.00885,0.1282
0.72608,0.00803,0.1282
0.74842,0.00711,0.1282
0.77077,0.00613,0.1282
0.79312,0.00506,0.1282
0.81547,0.00391,0.1282
0.83782,0.00268,0.1282
0.86017,0.00138,0.1282
0.88252,0.0,0.1282
0.01335,0.0,0.15385
0.04484,0.09408,0.15385
0.07633,0.01853,0.15385
0.09747,0.01853,0.15385
0.11862,0.01853,0.15385
0.13976,0.01853,0.15385
0.1609,0.01853,0.15385
0.18204,0.01853,0.15385
0.20318,0.01853,0.15385
0.22433,0.01853,0.15385
0.24547,0.01853,0.15385
0.26661,0.01853,0.15385
0.28776,0.01853,0.15385
0.3089,0.01853,0.15385
0.33004,0.01853,0.15385
0.35118,0.01853,0.15385
0.37232,0.01853,0.15385
0.39347,0.01853,0.15385
0.41461,0.01853,0.15385
0.43575,0.01853,0.15385
0.45689,0.01853,0.15385
0.47804,0.01853,0.15385
0.50102,0.01847,0.15385
0.52401,0.0183,0.15385
0.547,0.01801,0.15385
0.56999,0.01761,0.15385
0.59298,0.01709,0.15385
0.61597,0.01646,0.15385
0.63896,0.01573,0.15385
0.66194,0.01487,0.15385
0.68493,0.01389,0.15385
0.70792,0.0128,0.15385
0.73091,0.01161,0.15385
0.7539,0.01029,0.15385
0.77689,0.00887,0.15385
0.79987,0.00732,0.15385
0.82286,0.00565,0.15385
0.84585,0.00389,0.15385
0.86884,0.00199,0.15385
0.89183,0.0,0.15385
0.01167,0.0,0.17948
0.04431,0.09119,0.17948
0.07695,0.02536,0.17948
0.09913,0.02536,0.17948
0.1213,0.02536,0.17948
0.14347,0.02536,0.17948
0.16564,0.02536,0.17948
0.18782,0.02536,0.17948
0.20999,0.02536,0.17948
0.23216,0.02536,0.17948
0.25433,0.02536,0.17948
0.2765,0.02536,0.17948
0.29868,0.02536,0.17948
0.32085,0.02536,0.17948
0.34302,0.02536,0.17948
0.36519,0.02536,0.17948
0.38736,0.02536,0.17948
0.40954,0.02536,0.17948
0.43171,0.02536,0.17948
0.45388,0.02536,0.17948
0.47605,0.02536,0.17948
0.49839,0.02528,0.17948
0.52072,0.02507,0.17948
0.54305,0.02472,0.17948
0.56539,0.02422,0.17948
0.58772,0.02359,0.17948
0.61005,0.02283,0.17948
0.63239,0.02191,0.17948
0.65472,0.02085,0.17948
0.67705,0.01966,0.17948
0.69938,0.01832,0.17948
0.72172,0.01685,0.17948
0.74405,0.01524,0.17948
0.76638,0.01349,0.17948
0.78872,0.01159,0.17948
0.81105,0.00954,0.17948
0.83338,0.00738,0.17948
0.85572,0.00506,0.17948
0.87805,0.00261,0.17948
0.90038,0.0,0.17948
0.01011,0.0,0.20513
0.0326,0.09467,0.20513
0.05509,0.06769,0.20513
0.07758,0.03331,0.20513
0.10092,0.03331,0.20513
0.12425,0.03331,0.20513
0.14759,0.03331,0.20513
0.17092,0.03331,0.20513
0.19426,0.03331,0.20513
0.21759,0.03331,0.20513
0.24093,0.03331,0.20513
0.26426,0.03331,0.20513
0.2876,0.03331,0.20513
0.31093,0.03331,0.20513
0.33427,0.03331,0.20513
0.3576,0.03331,0.20513
0.38094,0.03331,0.20513
0.40427,0.03331,0.20513
0.42761,0.03331,0.20513
0.45094,0.03331,0.20513
0.47427,0.03331,0.20513
0.49712,0.03323,0.20513
0.51997,0.03294,0.20513
0.54281,0.03248,0.20513
0.56566,0.03183,0.20513
0.5885,0.03101,0.20513
0.61135,0.02999,0.20513
0.6342,0.02879,0.20513
0.65704,0.02741,0.20513
0.67989,0.02583,0.20513
0.70273,0.02409,0.20513
0.72558,0.02215,0.20513
0.74843,0.02003,0.20513
0.77127,0.01773,0.20513
0.79412,0.01524,0.20513
0.81696,0.01255,0.20513
0.83981,0.0097,0.20513
0.86265,0.00665,0.20513
0.8855,0.00341,0.20513
0.90835,0.0,0.20513
0.00865,0.0,0.23077
0.03184,0.09046,0.23077
0.05503,0.07118,0.23077
0.07822,0.04247,0.23077
0.10142,0.04247,0.23077
0.12463,0.04247,0.23077
0.14783,0.04247,0.23077
0.17104,0.04247,0.23077
0.19424,0.04247,0.23077
0.21745,0.04247,0.23077
0.24065,0.04247,0.23077
0.26386,0.04247,0.23077
0.28706,0.04247,0.23077
0.31027,0.04247,0.23077
0.33347,0.04247,0.23077
0.35668,0.04247,0.23077
0.37988,0.04247,0.23077
0.40309,0.04247,0.23077
0.42629,0.04247,0.23077
0.4495,0.04247,0.23077
0.4727,0.04247,0.23077
0.49602,0.04235,0.23077
0.51935,0.04199,0.23077
0.54267,0.04142,0.23077
0.56599,0.04059,0.23077
0.58931,0.03954,0.23077
0.61264,0.03823,0.23077
0.63596,0.0367,0.23077
0.65928,0.03494,0.23077
0.6826,0.03294,0.23077
0.70593,0.0307,0.23077
0.72925,0.02823,0.23077
0.75257,0.02553,0.23077
0.77589,0.0226,0.23077
0.79922,0.01941,0.23077
0.82254,0.016,0.23077
0.84586,0.01236,0.23077
0.86918,0.00847,0.23077
0.8925,0.00435,0.23077
0.91583,0.0,0.23077
0.00726,0.0,0.25642
0.03112,0.08707,0.25642
0.05499,0.07584,0.25642
0.07885,0.05286,0.25642
0.10194,0.05286,0.25642
0.12503,0.05286,0.25642
0.14811,0.05286,0.25642
0.1712,0.05286,0.25642
0.19429,0.05286,0.25642
0.21738,0.05286,0.25642
0.24046,0.05286,0.25642
0.26355,0.05286,0.25642
0.28664,0.05286,0.25642
0.30972,0.05286,0.25642
0.33281,0.05286,0.25642
0.3559,0.05286,0.25642
0.37899,0.05286,0.25642
0.40207,0.05286,0.25642
0.42516,0.05286,0.25642
0.44825,0.05286,0.25642
0.47134,0.05286,0.25642
0.4951,0.05272,0.25642
0.51887,0.05228,0.25642
0.54264,0.05153,0.25642
0.5664,0.05052,0.25642
0.59017,0.0492,0.25642
0.61393,0.04759,0.25642
0.6377,0.04569,0.25642
0.66147,0.04348,0.25642
0.68524,0.04099,0.25642
0.709,0.03821,0.25642
0.73277,0.03515,0.25642
0.75653,0.03178,0.25642
0.7803,0.02811,0.25642
0.80407,0.02417,0.25642
0.82783,0.01991,0.25642
0.8516,0.01537,0.25642
0.87537,0.01054,0.25642
0.89913,0.00542,0.25642
0.9229,0.0,0.25642
0.00594,0.0,0.28205
0.03046,0.08454,0.28205
0.05498,0.08172,0.28205
0.07949,0.06457,0.28205
0.10247,0.06457,0.28205
0.12546,0.06457,0.28205
0.14844,0.06457,0.28205
0.17142,0.06457,0.28205
0.1944,0.06457,0.28205
0.21738,0.06457,0.28205
0.24036,0.06457,0.28205
0.26334,0.06457,0.28205
0.28632,0.06457,0.28205
0.30931,0.06457,0.28205
0.33229,0.06457,0.28205
0.35527,0.06457,0.28205
0.37825,0.06457,0.28205
0.40123,0.06457,0.28205
0.42421,0.06457,0.28205
0.44719,0.06457,0.28205
0.47017,0.06457,0.28205
0.49436,0.06437,0.28205
0.51854,0.06384,0.28205
0.54272,0.06296,0.28205
0.5669,0.06169,0.28205
0.59108,0.06008,0.28205
0.61527,0.05813,0.28205
0.63945,0.05579,0.28205
0.66363,0.05311,0.28205
0.68781,0.05008,0.28205
0.71199,0.04667,0.28205
0.73617,0.04291,0.28205
0.76036,0.03881,0.28205
0.78454,0.03434,0.28205
0.80872,0.02951,0.28205
0.8329,0.02432,0.28205
0.85708,0.01878,0.28205
0.88127,0.01288,0.28205
0.90545,0.00661,0.28205
0.92963,0.0,0.28205
0.00468,0.0,0.3077
0.02983,0.08291,0.3077
0.05499,0.08891,0.3077
0.08014,0.07764,0.3077
0.10445,0.07764,0.3077
0.12877,0.07764,0.3077
0.15309,0.07764,0.3077
0.17741,0.07764,0.3077
0.20172,0.07764,0.3077
0.22604,0.07764,0.3077
0.25036,0.07764,0.3077
0.27468,0.07764,0.3077
0.29899,0.07764,0.3077
0.32331,0.07764,0.3077
0.34763,0.07764,0.3077
0.37195,0.07764,0.3077
0.39627,0.07764,0.3077
0.42058,0.07764,0.3077
0.4449,0.07764,0.3077
0.46922,0.07764,0.3077
0.49256,0.07744,0.3077
0.5159,0.07687,0.3077
0.53924,0.07589,0.3077
0.56259,0.07453,0.3077
0.58593,0.07279,0.3077
0.60927,0.07064,0.3077
0.63261,0.06813,0.3077
0.65595,0.06522,0.3077
0.6793,0.06192,0.3077
0.70264,0.05822,0.3077
0.72598,0.05416,0.3077
0.74932,0.04969,0.3077
0.77266,0.04485,0.3077
0.79601,0.03959,0.3077
0.81935,0.03396,0.3077
0.84269,0.02794,0.3077
0.86603,0.02154,0.3077
0.88937,0.01476,0.3077
0.91272,0.00757,0.3077
0.93606,0.0,0.3077
0.00347,0.0,0.33333
0.02924,0.08224,0.33333
0.05501,0.09745,0.33333
0.08078,0.0922,0.33333
0.10501,0.0922,0.33333
0.12924,0.0922,0.33333
0.15347,0.0922,0.33333
0.1777,0.0922,0.33333
0.20194,0.0922,0.33333
0.22617,0.0922,0.33333
0.2504,0.0922,0.33333
0.27463,0.0922,0.33333
0.29886,0.0922,0.33333
0.32309,0.0922,0.33333
0.34732,0.0922,0.33333
0.37155,0.0922,0.33333
0.39578,0.0922,0.33333
0.42001,0.0922,0.33333
0.44424,0.0922,0.33333
0.46847,0.0922,0.33333
0.49215,0.09197,0.33333
0.51584,0.09128,0.33333
0.53953,0.09013,0.33333
0.56322,0.0885,0.33333
0.58691,0.08643,0.33333
0.61059,0.0839,0.33333
0.63428,0.08089,0.33333
0.65797,0.07744,0.33333
0.68166,0.07354,0.33333
0.70535,0.06915,0.33333
0.72903,0.06432,0.33333
0.75272,0.05901,0.33333
0.77641,0.05324,0.33333
0.8001,0.04701,0.33333
0.82379,0.04034,0.33333
0.84747,0.03319,0.33333
0.87116,0.02559,0.33333
0.89485,0.01752,0.33333
0.91854,0.00899,0.33333
0.94223,0.0,0.33333
0.00231,0.0,0.35897
0.02869,0.08258,0.35897
0.05506,0.10751,0.35897
0.08144,0.10836,0.35897
0.10559,0.10836,0.35897
0.12975,0.10836,0.35897
0.1539,0.10836,0.35897
0.17806,0.10836,0.35897
0.20221,0.10836,0.35897
0.22637,0.10836,0.35897
0.25052,0.10836,0.35897
0.27468,0.10836,0.35897
0.29883,0.10836,0.35897
0.32299,0.10836,0.35897
0.34715,0.10836,0.35897
0.3713,0.10836,0.35897
0.39546,0.10836,0.35897
0.41961,0.10836,0.35897
0.44377,0.10836,0.35897
0.46792,0.10836,0.35897
0.49193,0.10809,0.35897
0.51595,0.10727,0.35897
0.53996,0.10592,0.35897
0.56397,0.10403,0.35897
0.58798,0.10157,0.35897
0.61199,0.0986,0.35897
0.63601,0.09508,0.35897
0.66002,0.09101,0.35897
0.68403,0.08641,0.35897
0.70804,0.08126,0.35897
0.73205,0.07557,0.35897
0.75606,0.06934,0.35897
0.78008,0.06257,0.35897
0.80409,0.05525,0.35897
0.8281,0.04741,0.35897
0.85211,0.039,0.35897
0.87612,0.03007,0.35897
0.90013,0.02058,0.35897
0.92415,0.01056,0.35897
0.94816,0.0,0.35897
0.00119,0.0,0.38462
0.02816,0.08406,0.38462
0.05512,0.11919,0.38462
0.08209,0.12626,0.38462
0.10618,0.12626,0.38462
0.13028,0.12626,0.38462
0.15437,0.12626,0.38462
0.17846,0.12626,0.38462
0.20256,0.12626,0.38462
0.22665,0.12626,0.38462
0.25074,0.12626,0.38462
0.27484,0.12626,0.38462
0.29893,0.12626,0.38462
0.32302,0.12626,0.38462
0.34712,0.12626,0.38462
0.37121,0.12626,0.38462
0.3953,0.12626,0.38462
0.4194,0.12626,0.38462
0.44349,0.12626,0.38462
0.46758,0.12626,0.38462
0.4919,0.12593,0.38462
0.51621,0.12499,0.38462
0.54053,0.1234,0.38462
0.56484,0.1212,0.38462
0.58916,0.11836,0.38462
0.61347,0.11489,0.38462
0.63779,0.11079,0.38462
0.6621,0.10606,0.38462
0.68642,0.10069,0.38462
0.71073,0.09469,0.38462
0.73505,0.08806,0.38462
0.75936,0.0808,0.38462
0.78368,0.0729,0.38462
0.80799,0.06439,0.38462
0.83231,0.05523,0.38462
0.85662,0.04546,0.38462
0.88094,0.03503,0.38462
0.90525,0.02399,0.38462
0.92957,0.0123,0.38462
0.95388,0.0,0.38462
0.00011,0.0,0.41025
0.02765,0.08672,0.41025
0.0552,0.13262,0.41025
0.08275,0.14607,0.41025
0.10679,0.14607,0.41025
0.13084,0.14607,0.41025
0.15488,0.14607,0.41025
0.17893,0.14607,0.41025
0.20297,0.14607,0.41025
0.22701,0.14607,0.41025
0.25106,0.14607,0.41025
0.2751,0.14607,0.41025
0.29914,0.14607,0.41025
0.32319,0.14607,0.41025
0.34723,0.14607,0.41025
0.37127,0.14607,0.41025
0.39532,0.14607,0.41025
0.41936,0.14607,0.41025
0.44341,0.14607,0.41025
0.46745,0.14607,0.41025
0.49205,0.14571,0.41025
0.51665,0.14462,0.41025
0.54124,0.14278,0.41025
0.56584,0.14023,0.41025
0.59044,0.13693,0.41025
0.61504,0.13293,0.41025
0.63964,0.12817,0.41025
0.66424,0.12269,0.41025
0.68884,0.11648,0.41025
0.71344,0.10955,0.41025
0.73803,0.10188,0.41025
0.76263,0.09349,0.41025
0.78723,0.08436,0.41025
0.81183,0.07449,0.41025
0.83643,0.06391,0.41025
0.86103,0.05259,0.41025
0.88562,0.04053,0.41025
0.91022,0.02775,0.41025
0.93482,0.01424,0.41025
0.95942,0.0,0.41025
0.0,0.0,0.4359
0.0278,0.09015,0.4359
0.05561,0.14778,0.4359
0.08341,0.16804,0.4359
0.10742,0.16804,0.4359
0.13143,0.16804,0.4359
0.15543,0.16804,0.4359
0.17944,0.16804,0.4359
0.20345,0.16804,0.4359
0.22745,0.16804,0.4359
0.25146,0.16804,0.4359
0.27547,0.16804,0.4359
0.29947,0.16804,0.4359
0.32348,0.16804,0.4359
0.34749,0.16804,0.4359
0.37149,0.16804,0.4359
0.3955,0.16804,0.4359
0.41951,0.16804,0.4359
0.44351,0.16804,0.4359
0.46752,0.16804,0.4359
0.49238,0.16762,0.4359
0.51725,0.16637,0.4359
0.54211,0.16426,0.4359
0.56697,0.16133,0.4359
0.59184,0.15753,0.4359
0.6167,0.15292,0.4359
0.64156,0.14745,0.4359
0.66643,0.14115,0.4359
0.69129,0.13402,0.4359
0.71615,0.12603,0.4359
0.74102,0.11721,0.4359
0.76588,0.10755,0.4359
0.79074,0.09705,0.4359
0.81561,0.0857,0.4359
0.84047,0.07352,0.4359
0.86533,0.0605,0.4359
0.8902,0.04663,0.4359
0.91506,0.03193,0.4359
0.93992,0.01639,0.4359
0.96479,0.0,0.4359
0.00041,0.0,0.46153
0.0283,0.09481,0.46153
0.05619,0.16503,0.46153
0.08408,0.19247,0.46153
0.10806,0.19247,0.46153
0.13205,0.19247,0.46153
0.15603,0.19247,0.46153
0.18001,0.19247,0.46153
0.20399,0.19247,0.46153
0.22797,0.19247,0.46153
0.25196,0.19247,0.46153
0.27594,0.19247,0.46153
0.29992,0.19247,0.46153
0.3239,0.19247,0.46153
0.34789,0.19247,0.46153
0.37187,0.19247,0.46153
0.39585,0.19247,0.46153
0.41983,0.19247,0.46153
0.44382,0.19247,0.46153
0.4678,0.19247,0.46153
0.49291,0.19199,0.46153
0.51802,0.19056,0.46153
0.54313,0.18814,0.46153
0.56824,0.18479,0.46153
0.59335,0.18046,0.46153
0.61846,0.17515,0.46153
0.64357,0.1689,0.46153
0.66868,0.16167,0.46153
0.69379,0.15351,0.46153
0.7189,0.14435,0.46153
0.74401,0.13425,0.46153
0.76912,0.12319,0.46153
0.79423,0.11116,0.46153
0.81934,0.09816,0.46153
0.84445,0.08421,0.46153
0.86956,0.0693,0.46153
0.89467,0.05341,0.46153
0.91978,0.03657,0.46153
0.94489,0.01876,0.46153
0.97,0.0,0.46153
0.0008,0.0,0.48718
0.02878,0.10108,0.48718
0.05677,0.18484,0.48718
0.08475,0.21978,0.48718
0.10872,0.21978,0.48718
0.13269,0.21978,0.48718
0.15666,0.21978,0.48718
0.18063,0.21978,0.48718
0.2046,0.21978,0.48718
0.22857,0.21978,0.48718
0.25255,0.21978,0.48718
0.27652,0.21978,0.48718
0.30049,0.21978,0.48718
0.32446,0.21978,0.48718
0.34843,0.21978,0.48718
0.3724,0.21978,0.48718
0.39637,0.21978,0.48718
0.42034,0.21978,0.48718
0.44431,0.21978,0.48718
0.46828,0.21978,0.48718
0.49362,0.21923,0.48718
0.51896,0.21758,0.48718
0.5443,0.21484,0.48718
0.56964,0.21099,0.48718
0.59498,0.20604,0.48718
0.62032,0.2,0.48718
0.64566,0.19286,0.48718
0.671,0.18461,0.48718
0.69633,0.17528,0.48718
0.72167,0.16484,0.48718
0.74701,0.1533,0.48718
0.77235,0.14065,0.48718
0.79769,0.12693,0.48718
0.82303,0.11209,0.48718
0.84837,0.09615,0.48718
0.87371,0.07911,0.48718
0.89905,0.06098,0.48718
0.92439,0.04176,0.48718
0.94973,0.02143,0.48718
0.97507,0.0,0.48718
0.00117,0.0,0.51282
0.02926,0.10914,0.51282
0.05734,0.20767,0.51282
0.08543,0.25052,0.51282
0.1094,0.25052,0.51282
0.13337,0.25052,0.51282
0.15734,0.25052,0.51282
0.18131,0.25052,0.51282
0.20528,0.25052,0.51282
0.22926,0.25052,0.51282
0.25323,0.25052,0.51282
0.2772,0.25052,0.51282
0.30117,0.25052,0.51282
0.32514,0.25052,0.51282
0.34911,0.25052,0.51282
0.37308,0.25052,0.51282
0.39706,0.25052,0.51282
0.42103,0.25052,0.51282
0.445,0.25052,0.51282
0.46897,0.25052,0.51282
0.49452,0.24989,0.51282
0.52007,0.24801,0.51282
0.54562,0.24489,0.51282
0.57118,0.2405,0.51282
0.59673,0.23486,0.51282
0.62228,0.22798,0.51282
0.64783,0.21984,0.51282
0.67338,0.21045,0.51282
0.69893,0.19979,0.51282
0.72449,0.18789,0.51282
0.75004,0.17474,0.51282
0.77559,0.16033,0.51282
0.80114,0.14468,0.51282
0.82669,0.12777,0.51282
0.85224,0.1096,0.51282
0.8778,0.09019,0.51282
0.90335,0.06951,0.51282
0.9289,0.04761,0.51282
0.95445,0.02444,0.51282
0.98,0.0,0.51282
0.00153,0.0,0.53847
0.02972,0.11921,0.53847
0.05791,0.23412,0.53847
0.0861,0.28556,0.53847
0.11009,0.28556,0.53847
0.13407,0.28556,0.53847
0.15806,0.28556,0.53847
0.18204,0.28556,0.53847
0.20603,0.28556,0.53847
0.23001,0.28556,0.53847
0.254,0.28556,0.53847
0.27798,0.28556,0.53847
0.30197,0.28556,0.53847
0.32595,0.28556,0.53847
0.34994,0.28556,0.53847
0.37392,0.28556,0.53847
0.39791,0.28556,0.53847
0.42189,0.28556,0.53847
0.44588,0.28556,0.53847
0.46986,0.28556,0.53847
0.49561,0.28485,0.53847
0.52136,0.2827,0.53847
0.54711,0.27914,0.53847
0.57285,0.27413,0.53847
0.5986,0.26771,0.53847
0.62435,0.25986,0.53847
0.6501,0.25058,0.53847
0.67585,0.23987,0.53847
0.70159,0.22774,0.53847
0.72734,0.21417,0.53847
0.75309,0.19918,0.53847
0.77884,0.18276,0.53847
0.80458,0.16491,0.53847
0.83033,0.14563,0.53847
0.85608,0.12494,0.53847
0.88183,0.1028,0.53847
0.90757,0.07925,0.53847
0.93332,0.05426,0.53847
0.95907,0.02785,0.53847
0.98482,0.0,0.53847
0.00187,0.0,0.5641
0.03018,0.13132,0.5641
0.05848,0.26419,0.5641
0.08679,0.32486,0.5641
0.1124,0.32486,0.5641
0.13801,0.32486,0.5641
0.16362,0.32486,0.5641
0.18923,0.32486,0.5641
0.21485,0.32486,0.5641
0.24046,0.32486,0.5641
0.26607,0.32486,0.5641
0.29168,0.32486,0.5641
0.31729,0.32486,0.5641
0.34291,0.32486,0.5641
0.36852,0.32486,0.5641
0.39413,0.32486,0.5641
0.41974,0.32486,0.5641
0.44535,0.32486,0.5641
0.47096,0.32486,0.5641
0.49566,0.32413,0.5641
0.52035,0.32193,0.5641
0.54504,0.31823,0.5641
0.56974,0.31308,0.5641
0.59443,0.30645,0.5641
0.61912,0.29836,0.5641
0.64382,0.28878,0.5641
0.66851,0.27772,0.5641
0.6932,0.2652,0.5641
0.71789,0.25121,0.5641
0.74259,0.23573,0.5641
0.76728,0.21879,0.5641
0.79197,0.20037,0.5641
0.81667,0.18047,0.5641
0.84136,0.15913,0.5641
0.86605,0.13628,0.5641
0.89075,0.11198,0.5641
0.91544,0.08618,0.5641
0.94013,0.05893,0.5641
0.96483,0.0302,0.5641
0.98952,0.0,0.5641
0.0022,0.0,0.58975
0.03063,0.14445,0.58975
0.05905,0.29502,0.58975
0.08747,0.36459,0.58975
0.11313,0.36459,0.58975
0.13878,0.36459,0.58975
0.16443,0.36459,0.58975
0.19008,0.36459,0.58975
0.21574,0.36459,0.58975
0.24139,0.36459,0.58975
0.26704,0.36459,0.58975
0.2927,0.36459,0.58975
0.31835,0.36459,0.58975
0.344,0.36459,0.58975
0.36966,0.36459,0.58975
0.39531,0.36459,0.58975
0.42096,0.36459,0.58975
0.44662,0.36459,0.58975
0.47227,0.36459,0.58975
0.49712,0.36375,0.58975
0.52197,0.36128,0.58975
0.54682,0.35714,0.58975
0.57167,0.35135,0.58975
0.59652,0.34391,0.58975
0.62137,0.33483,0.58975
0.64622,0.32408,0.58975
0.67107,0.31168,0.58975
0.69592,0.29761,0.58975
0.72077,0.28191,0.58975
0.74562,0.26455,0.58975
0.77047,0.24554,0.58975
0.79532,0.22486,0.58975
0.82017,0.20255,0.58975
0.84502,0.17858,0.58975
0.86987,0.15294,0.58975
0.89471,0.12566,0.58975
0.91956,0.09672,0.58975
0.94441,0.06614,0.58975
0.96926,0.0339,0.58975
0.99411,0.0,0.58975
0.00251,0.0,0.61538
0.03106,0.15853,0.61538
0.05961,0.32634,0.61538
0.08816,0.4043,0.61538
0.11387,0.4043,0.61538
0.13958,0.4043,0.61538
0.16529,0.4043,0.61538
0.19099,0.4043,0.61538
0.2167,0.4043,0.61538
0.24241,0.4043,0.61538
0.26812,0.4043,0.61538
0.29383,0.4043,0.61538
0.31953,0.4043,0.61538
0.34524,0.4043,0.61538
0.37095,0.4043,0.61538
0.39666,0.4043,0.61538
0.42236,0.4043,0.61538
0.44807,0.4043,0.61538
0.47378,0.4043,0.61538
0.49877,0.40338,0.61538
0.52376,0.40062,0.61538
0.54876,0.39604,0.61538
0.57375,0.38962,0.61538
0.59874,0.38138,0.61538
0.62373,0.3713,0.61538
0.64872,0.35938,0.61538
0.67372,0.34562,0.61538
0.69871,0.33004,0.61538
0.7237,0.31262,0.61538
0.74869,0.29337,0.61538
0.77368,0.27227,0.61538
0.79867,0.24935,0.61538
0.82367,0.22461,0.61538
0.84866,0.19803,0.61538
0.87365,0.16961,0.61538
0.89864,0.13935,0.61538
0.92363,0.10727,0.61538
0.94863,0.07334,0.61538
0.97362,0.03758,0.61538
0.99861,0.0,0.61538
0.0028,0.0,0.64103
0.03149,0.17361,0.64103
0.06017,0.35815,0.64103
0.08886,0.44401,0.64103
0.11463,0.44401,0.64103
0.14041,0.44401,0.64103
0.16618,0.44401,0.64103
0.19196,0.44401,0.64103
0.21774,0.44401,0.64103
0.24351,0.44401,0.64103
0.26929,0.44401,0.64103
0.29506,0.44401,0.64103
0.32084,0.44401,0.64103
0.34662,0.44401,0.64103
0.37239,0.44401,0.64103
0.39817,0.44401,0.64103
0.42394,0.44401,0.64103
0.44972,0.44401,0.64103
0.4755,0.44401,0.64103
0.50047,0.44351,0.64103
0.52545,0.442,0.64103
0.55043,0.43947,0.64103
0.5754,0.4359,0.64103
0.60038,0.43128,0.64103
0.62535,0.42555,0.64103
0.65033,0.41869,0.64103
0.67531,0.41062,0.64103
0.70028,0.40129,0.64103
0.72526,0.3906,0.64103
0.75024,0.37841,0.64103
0.77521,0.36461,0.64103
0.80019,0.34897,0.64103
0.82517,0.33126,0.64103
0.85014,0.31112,0.64103
0.87512,0.28803,0.64103
0.90009,0.2612,0.64103
0.92507,0.22931,0.64103
0.95005,0.18983,0.64103
0.97502,0.13626,0.64103
1.0,0.00126,0.64103
0.00308,0.0,0.66667
0.0319,0.18971,0.66667
0.06073,0.39046,0.66667
0.08955,0.48372,0.66667
0.1138,0.48372,0.66667
0.13804,0.48372,0.66667
0.16228,0.48372,0.66667
0.18652,0.48372,0.66667
0.21076,0.48372,0.66667
0.235,0.48372,0.66667
0.25925,0.48372,0.66667
0.28349,0.48372,0.66667
0.30773,0.48372,0.66667
0.33197,0.48372,0.66667
0.35621,0.48372,0.66667
0.38045,0.48372,0.66667
0.40469,0.48372,0.66667
0.42894,0.48372,0.66667
0.45318,0.48372,0.66667
0.47742,0.48372,0.66667
0.50353,0.48313,0.66667
0.52965,0.48134,0.66667
0.55576,0.47835,0.66667
0.58187,0.47412,0.66667
0.60799,0.46864,0.66667
0.6341,0.46183,0.66667
0.66021,0.45367,0.66667
0.68633,0.44405,0.66667
0.71244,0.43289,0.66667
0.73856,0.42005,0.66667
0.76467,0.40539,0.66667
0.79078,0.38868,0.66667
0.8169,0.36963,0.66667
0.84301,0.34788,0.66667
0.86912,0.32283,0.66667
0.89524,0.29362,0.66667
0.92135,0.25884,0.66667
0.94747,0.21564,0.66667
0.97358,0.15688,0.66667
0.99969,0.00849,0.66667
0.00334,0.0,0.6923
0.03231,0.20692,0.6923
0.06128,0.42333,0.6923
0.09026,0.52345,0.6923
0.11459,0.52345,0.6923
0.13892,0.52345,0.6923
0.16325,0.52345,0.6923
0.18758,0.52345,0.6923
0.21191,0.52345,0.6923
0.23624,0.52345,0.6923
0.26057,0.52345,0.6923
0.2849,0.52345,0.6923
0.30923,0.52345,0.6923
0.33356,0.52345,0.6923
0.35789,0.52345,0.6923
0.38222,0.52345,0.6923
0.40655,0.52345,0.6923
0.43089,0.52345,0.6923
0.45522,0.52345,0.6923
0.47955,0.52345,0.6923
0.50554,0.52282,0.6923
0.53153,0.52094,0.6923
0.55752,0.51778,0.6923
0.58351,0.51335,0.6923
0.60951,0.50756,0.6923
0.6355,0.50041,0.6923
0.66149,0.49183,0.6923
0.68748,0.48171,0.6923
0.71347,0.46998,0.6923
0.73947,0.45649,0.6923
0.76546,0.44106,0.6923
0.79145,0.42348,0.6923
0.81744,0.40346,0.6923
0.84343,0.38057,0.6923
0.86943,0.35424,0.6923
0.89542,0.32352,0.6923
0.92141,0.28694,0.6923
0.9474,0.24151,0.6923
0.9734,0.17973,0.6923
0.99939,0.02367,0.6923
0.00358,0.0,0.71795
0.03271,0.22528,0.71795
0.06183,0.45679,0.71795
0.09096,0.56316,0.71795
0.11539,0.56316,0.71795
0.13983,0.56316,0.71795
0.16426,0.56316,0.71795
0.18869,0.56316,0.71795
0.21312,0.56316,0.71795
0.23755,0.56316,0.71795
0.26199,0.56316,0.71795
0.28642,0.56316,0.71795
0.31085,0.56316,0.71795
0.33528,0.56316,0.71795
0.35972,0.56316,0.71795
0.38415,0.56316,0.71795
0.40858,0.56316,0.71795
0.43301,0.56316,0.71795
0.45745,0.56316,0.71795
0.48188,0.56316,0.71795
0.50774,0.56251,0.71795
0.5336,0.56059,0.71795
0.55946,0.55737,0.71795
0.58532,0.55285,0.71795
0.61118,0.54694,0.71795
0.63704,0.53964,0.71795
0.6629,0.53086,0.71795
0.68876,0.52054,0.71795
0.71462,0.50856,0.71795
0.74048,0.49476,0.71795
0.76634,0.479,0.71795
0.7922,0.46107,0.71795
0.81806,0.44062,0.71795
0.84392,0.41724,0.71795
0.86978,0.39033,0.71795
0.89564,0.35898,0.71795
0.9215,0.3216,0.71795
0.94736,0.27521,0.71795
0.97322,0.2121,0.71795
0.99908,0.0527,0.71795
0.00381,0.0,0.74358
0.0331,0.24487,0.74358
0.06238,0.49085,0.74358
0.09167,0.60287,0.74358
0.11622,0.60287,0.74358
0.14076,0.60287,0.74358
0.16531,0.60287,0.74358
0.18986,0.60287,0.74358
0.2144,0.60287,0.74358
0.23895,0.60287,0.74358
0.2635,0.60287,0.74358
0.28804,0.60287,0.74358
0.31259,0.60287,0.74358
0.33714,0.60287,0.74358
0.36168,0.60287,0.74358
0.38623,0.60287,0.74358
0.41078,0.60287,0.74358
0.43532,0.60287,0.74358
0.45987,0.60287,0.74358
0.48442,0.60287,0.74358
0.51014,0.60225,0.74358
0.53585,0.60043,0.74358
0.56157,0.59737,0.74358
0.58729,0.59304,0.74358
0.61301,0.58742,0.74358
0.63873,0.58044,0.74358
0.66444,0.57209,0.74358
0.69016,0.56224,0.74358
0.71588,0.55082,0.74358
0.7416,0.53767,0.74358
0.76731,0.52264,0.74358
0.79303,0.50553,0.74358
0.81875,0.48604,0.74358
0.84447,0.46375,0.74358
0.87019,0.43811,0.74358
0.8959,0.40821,0.74358
0.92162,0.37258,0.74358
0.94734,0.32835,0.74358
0.97306,0.26817,0.74358
0.99878,0.11622,0.74358
0.00402,0.0,0.76923
0.03347,0.26583,0.76923
0.06293,0.52561,0.76923
0.09238,0.64258,0.76923
0.11706,0.64258,0.76923
0.14173,0.64258,0.76923
0.1664,0.64258,0.76923
0.19108,0.64258,0.76923
0.21575,0.64258,0.76923
0.24043,0.64258,0.76923
0.2651,0.64258,0.76923
0.28977,0.64258,0.76923
0.31445,0.64258,0.76923
0.33912,0.64258,0.76923
0.36379,0.64258,0.76923
0.38847,0.64258,0.76923
0.41314,0.64258,0.76923
0.43781,0.64258,0.76923
0.46249,0.64258,0.76923
0.48716,0.64258,0.76923
0.51273,0.64198,0.76923
0.53829,0.64022,0.76923
0.56386,0.63723,0.76923
0.58942,0.63303,0.76923
0.61499,0.62757,0.76923
0.64055,0.62079,0.76923
0.66612,0.61266,0.76923
0.69169,0.6031,0.76923
0.71725,0.59198,0.76923
0.74282,0.57922,0.76923
0.76838,0.56461,0.76923
0.79395,0.54798,0.76923
0.81951,0.52904,0.76923
0.84508,0.50739,0.76923
0.87064,0.48245,0.76923
0.89621,0.4534,0.76923
0.92177,0.41877,0.76923
0.94734,0.37576,0.76923
0.9729,0.31729,0.76923
0.99847,0.16961,0.76923
0.00421,0.0,0.79487
0.03384,0.28832,0.79487
0.06347,0.56111,0.79487
0.0931,0.68229,0.79487
0.11791,0.68229,0.79487
0.14273,0.68229,0.79487
0.16754,0.68229,0.79487
0.19235,0.68229,0.79487
0.21717,0.68229,0.79487
0.24198,0.68229,0.79487
0.26679,0.68229,0.79487
0.29161,0.68229,0.79487
0.31642,0.68229,0.79487
0.34123,0.68229,0.79487
0.36605,0.68229,0.79487
0.39086,0.68229,0.79487
0.41567,0.68229,0.79487
0.44049,0.68229,0.79487
0.4653,0.68229,0.79487
0.49011,0.68229,0.79487
0.51551,0.68167,0.79487
0.54092,0.67976,0.79487
0.56632,0.67657,0.79487
0.59172,0.67209,0.79487
0.61713,0.66626,0.79487
0.64253,0.65904,0.79487
0.66793,0.65036,0.79487
0.69333,0.64014,0.79487
0.71873,0.6283,0.79487
0.74414,0.61467,0.79487
0.76954,0.59909,0.79487
0.79494,0.58133,0.79487
0.82035,0.56111,0.79487
0.84575,0.53799,0.79487
0.87115,0.51139,0.79487
0.89655,0.48037,0.79487
0.92196,0.44342,0.79487
0.94736,0.39754,0.79487
0.97276,0.33512,0.79487
0.99816,0.17749,0.79487
0.00439,0.0,0.82052
0.0342,0.3125,0.82052
0.06401,0.59748,0.82052
0.09382,0.72201,0.82052
0.11879,0.72201,0.82052
0.14375,0.72201,0.82052
0.16872,0.72201,0.82052
0.19368,0.72201,0.82052
0.21865,0.72201,0.82052
0.24361,0.72201,0.82052
0.26858,0.72201,0.82052
0.29354,0.72201,0.82052
0.31851,0.72201,0.82052
0.34347,0.72201,0.82052
0.36844,0.72201,0.82052
0.39341,0.72201,0.82052
0.41837,0.72201,0.82052
0.44334,0.72201,0.82052
0.4683,0.72201,0.82052
0.49327,0.72201,0.82052
0.5185,0.72132,0.82052
0.54373,0.71929,0.82052
0.56896,0.71588,0.82052
0.59419,0.71107,0.82052
0.61941,0.70482,0.82052
0.64464,0.69708,0.82052
0.66987,0.68777,0.82052
0.6951,0.67682,0.82052
0.72033,0.6641,0.82052
0.74556,0.64948,0.82052
0.77079,0.63278,0.82052
0.79602,0.61373,0.82052
0.82125,0.59206,0.82052
0.84648,0.56726,0.82052
0.87171,0.53874,0.82052
0.89694,0.50547,0.82052
0.92217,0.46584,0.82052
0.9474,0.41664,0.82052
0.97263,0.3497,0.82052
0.99786,0.18067,0.82052
0.00455,0.0,0.84615
0.03455,0.33862,0.84615
0.06455,0.63481,0.84615
0.09455,0.76172,0.84615
0.11967,0.76172,0.84615
0.14481,0.76172,0.84615
0.16994,0.76172,0.84615
0.19507,0.76172,0.84615
0.2202,0.76172,0.84615
0.24533,0.76172,0.84615
0.27046,0.76172,0.84615
0.29559,0.76172,0.84615
0.32072,0.76172,0.84615
0.34585,0.76172,0.84615
0.37098,0.76172,0.84615
0.39611,0.76172,0.84615
0.42124,0.76172,0.84615
0.44637,0.76172,0.84615
0.4715,0.76172,0.84615
0.49663,0.76172,0.84615
0.52167,0.761,0.84615
0.54672,0.75883,0.84615
0.57177,0.75519,0.84615
0.59681,0.75005,0.84615
0.62186,0.74336,0.84615
0.64691,0.7351,0.84615
0.67195,0.72518,0.84615
0.697,0.71349,0.84615
0.72204,0.6999,0.84615
0.74709,0.6843,0.84615
0.77214,0.66648,0.84615
0.79718,0.64614,0.84615
0.82223,0.62299,0.84615
0.84727,0.59654,0.84615
0.87232,0.56607,0.84615
0.89737,0.53058,0.84615
0.92241,0.48826,0.84615
0.94746,0.43575,0.84615
0.97251,0.3643,0.84615
0.99755,0.18385,0.84615
0.0047,0.0,0.8718
0.03489,0.36704,0.8718
0.06508,0.6733,0.8718
0.09527,0.80143,0.8718
0.12058,0.80143,0.8718
0.14589,0.80143,0.8718
0.1712,0.80143,0.8718
0.1965,0.80143,0.8718
0.22181,0.80143,0.8718
0.24712,0.80143,0.8718
0.27243,0.80143,0.8718
0.29773,0.80143,0.8718
0.32304,0.80143,0.8718
0.34835,0.80143,0.8718
0.37366,0.80143,0.8718
0.39896,0.80143,0.8718
0.42427,0.80143,0.8718
0.44958,0.80143,0.8718
0.47489,0.80143,0.8718
0.50019,0.80143,0.8718
0.52505,0.80067,0.8718
0.5499,0.79835,0.8718
0.57475,0.79448,0.8718
0.59961,0.78901,0.8718
0.62446,0.78192,0.8718
0.64931,0.77313,0.8718
0.67416,0.76257,0.8718
0.69901,0.75015,0.8718
0.72387,0.73572,0.8718
0.74872,0.71912,0.8718
0.77357,0.70017,0.8718
0.79842,0.67855,0.8718
0.82328,0.65394,0.8718
0.84813,0.62581,0.8718
0.87298,0.59342,0.8718
0.89784,0.55568,0.8718
0.92269,0.51068,0.8718
0.94754,0.45486,0.8718
0.97239,0.37889,0.8718
0.99724,0.18705,0.8718
0.00483,0.0,0.89743
0.03522,0.39821,0.89743
0.06561,0.71314,0.89743
0.09601,0.84114,0.89743
0.12,0.84114,0.89743
0.144,0.84114,0.89743
0.168,0.84114,0.89743
0.192,0.84114,0.89743
0.21599,0.84114,0.89743
0.23999,0.84114,0.89743
0.26399,0.84114,0.89743
0.28799,0.84114,0.89743
0.31198,0.84114,0.89743
0.33598,0.84114,0.89743
0.35998,0.84114,0.89743
0.38398,0.84114,0.89743
0.40798,0.84114,0.89743
0.43197,0.84114,0.89743
0.45597,0.84114,0.89743
0.47997,0.84114,0.89743
0.50397,0.84114,0.89743
0.52991,0.84024,0.89743
0.55586,0.83754,0.89743
0.5818,0.83298,0.89743
0.60775,0.82656,0.89743
0.6337,0.8182,0.89743
0.65964,0.80783,0.89743
0.68559,0.79536,0.89743
0.71153,0.78064,0.89743
0.73748,0.76349,0.89743
0.76343,0.74369,0.89743
0.78937,0.72096,0.89743
0.81532,0.6949,0.89743
0.84126,0.66494,0.89743
0.86721,0.63029,0.89743
0.89316,0.58976,0.89743
0.9191,0.54127,0.89743
0.94505,0.48092,0.89743
0.97099,0.39861,0.89743
0.99694,0.19023,0.89743
0.00494,0.0,0.92308
0.03554,0.4327,0.92308
0.06614,0.75465,0.92308
0.09674,0.88087,0.92308
0.12093,0.88087,0.92308
0.14512,0.88087,0.92308
0.16931,0.88087,0.92308
0.1935,0.88087,0.92308
0.21768,0.88087,0.92308
0.24187,0.88087,0.92308
0.26606,0.88087,0.92308
0.29025,0.88087,0.92308
0.31444,0.88087,0.92308
0.33863,0.88087,0.92308
0.36281,0.88087,0.92308
0.387,0.88087,0.92308
0.41119,0.88087,0.92308
0.43538,0.88087,0.92308
0.45957,0.88087,0.92308
0.48376,0.88087,0.92308
0.50794,0.88087,0.92308
0.53367,0.87991,0.92308
0.55939,0.87704,0.92308
0.58511,0.87225,0.92308
0.61083,0.86546,0.92308
0.63655,0.85663,0.92308
0.66227,0.84569,0.92308
0.68799,0.8325,0.92308
0.71371,0.81696,0.92308
0.73943,0.79885,0.92308
0.76515,0.77794,0.92308
0.79087,0.75394,0.92308
0.81659,0.7264,0.92308
0.84231,0.69476,0.92308
0.86803,0.65818,0.92308
0.89375,0.61536,0.92308
0.91947,0.56415,0.92308
0.94519,0.50041,0.92308
0.97091,0.4135,0.92308
0.99663,0.19341,0.92308
0.00503,0.0,0.94872
0.03585,0.47142,0.94872
0.06667,0.79829,0.94872
0.09748,0.92058,0.94872
0.12187,0.92058,0.94872
0.14626,0.92058,0.94872
0.17065,0.92058,0.94872
0.19505,0.92058,0.94872
0.21944,0.92058,0.94872
0.24383,0.92058,0.94872
0.26822,0.92058,0.94872
0.29261,0.92058,0.94872
0.317,0.92058,0.94872
0.34139,0.92058,0.94872
0.36578,0.92058,0.94872
0.39017,0.92058,0.94872
0.41456,0.92058,0.94872
0.43895,0.92058,0.94872
0.46335,0.92058,0.94872
0.48774,0.92058,0.94872
0.51213,0.92058,0.94872
0.53761,0.91957,0.94872
0.5631,0.91656,0.94872
0.58858,0.9115,0.94872
0.61406,0.90435,0.94872
0.63955,0.89505,0.94872
0.66503,0.88354,0.94872
0.69052,0.86966,0.94872
0.716,0.85327,0.94872
0.74149,0.83421,0.94872
0.76697,0.81218,0.94872
0.79245,0.78691,0.94872
0.81794,0.75791,0.94872
0.84342,0.72458,0.94872
0.86891,0.68606,0.94872
0.89439,0.64097,0.94872
0.91987,0.58706,0.94872
0.94536,0.51992,0.94872
0.97084,0.42837,0.94872
0.99633,0.19659,0.94872
0.00511,0.0,0.97437
0.03615,0.51555,0.97437
0.06719,0.84461,0.97437
0.09822,0.96029,0.97437
0.12283,0.96029,0.97437
0.14744,0.96029,0.97437
0.17204,0.96029,0.97437
0.19665,0.96029,0.97437
0.22125,0.96029,0.97437
0.24586,0.96029,0.97437
0.27046,0.96029,0.97437
0.29507,0.96029,0.97437
0.31967,0.96029,0.97437
0.34428,0.96029,0.97437
0.36888,0.96029,0.97437
0.39349,0.96029,0.97437
0.4181,0.96029,0.97437
0.4427,0.96029,0.97437
0.46731,0.96029,0.97437
0.49191,0.96029,0.97437
0.51652,0.96029,0.97437
0.54175,0.95924,0.97437
0.56699,0.95607,0.97437
0.59223,0.95075,0.97437
0.61746,0.94325,0.97437
0.6427,0.93348,0.97437
0.66794,0.92137,0.97437
0.69318,0.9068,0.97437
0.71841,0.88959,0.97437
0.74365,0.86956,0.97437
0.76889,0.84643,0.97437
0.79412,0.81987,0.97437
0.81936,0.78942,0.97437
0.8446,0.7544,0.97437
0.86984,0.71393,0.97437
0.89507,0.66657,0.97437
0.92031,0.60994,0.97437
0.94555,0.53941,0.97437
0.97078,0.44324,0.97437
0.99602,0.19977,0.97437
0.00518,0.0,1.0
0.03644,0.56691,1.0
0.06771,0.89457,1.0
0.09897,1.0,1.0
0.1238,1.0,1.0
0.14864,1.0,1.0
0.17347,1.0,1.0
0.1983,1.0,1.0
0.22313,1.0,1.0
0.24796,1.0,1.0
0.27279,1.0,1.0
0.29763,1.0,1.0
0.32246,1.0,1.0
0.34729,1.0,1.0
0.37212,1.0,1.0
0.39695,1.0,1.0
0.42178,1.0,1.0
0.44662,1.0,1.0
0.47145,1.0,1.0
0.49628,1.0,1.0
0.52111,1.0,1.0
0.54609,0.99891,1.0
0.57107,0.99557,1.0
0.59605,0.99002,1.0
0.62103,0.98214,1.0
0.64601,0.9719,1.0
0.67099,0.95922,1.0
0.69597,0.94394,1.0
0.72094,0.92591,1.0
0.74592,0.9049,1.0
0.7709,0.88068,1.0
0.79588,0.85283,1.0
0.82086,0.82092,1.0
0.84584,0.78422,1.0
0.87082,0.74181,1.0
0.8958,0.69218,1.0
0.92078,0.63282,1.0
0.94576,0.55892,1.0
0.97074,0.45813,1.0
0.99571,0.20296,1.0
