0.05004,0.0,0.0
0.06967,0.0,0.0
0.08931,0.0,0.0
0.10894,0.0,0.0
0.12857,0.0,0.0
0.1482,0.0,0.0
0.16784,0.0,0.0
0.18747,0.0,0.0
0.2071,0.0,0.0
0.22674,0.0,0.0
0.24637,0.0,0.0
0.266,0.0,0.0
0.28564,0.0,0.0
0.30527,0.0,0.0
0.3249,0.0,0.0
0.34454,0.0,0.0
0.36417,0.0,0.0
0.3838,0.0,0.0
0.40344,0.0,0.0
0.42307,0.0,0.0
0.4427,0.0,0.0
0.46234,0.0,0.0
0.48197,0.0,0.0
0.5016,0.0,0.0
0.52124,0.0,0.0
0.54087,0.0,0.0
0.5605,0.0,0.0
0.58014,0.0,0.0
0.59977,0.0,0.0
0.6194,0.0,0.0
0.63903,0.0,0.0
0.65867,0.0,0.0
0.6783,0.0,0.0
0.69793,0.0,0.0
0.71757,0.0,0.0
0.7372,0.0,0.0
0.75683,0.0,0.0
0.77647,0.0,0.0
0.7961,0.0,0.0
0.81573,0.0,0.0
0.04147,0.0,0.02564
0.06186,0.20172,0.02564
0.08225,0.36686,0.02564
0.10264,0.49835,0.02564
0.12304,0.59912,0.02564
0.14343,0.67213,0.02564
0.16382,0.72029,0.02564
0.18421,0.74654,0.02564
0.2046,0.75383,0.02564
0.225,0.74508,0.02564
0.24539,0.72322,0.02564
0.26578,0.69121,0.02564
0.28617,0.65198,0.02564
0.30656,0.60844,0.02564
0.32696,0.56355,0.02564
0.34735,0.52024,0.02564
0.36774,0.48145,0.02564
0.38813,0.4501,0.02564
0.40852,0.42914,0.02564
0.42892,0.4215,0.02564
0.45035,0.4215,0.02564
0.47179,0.4215,0.02564
0.49323,0.4215,0.02564
0.51467,0.4215,0.02564
0.5361,0.4215,0.02564
0.55754,0.4215,0.02564
0.57898,0.4215,0.02564
0.60041,0.4215,0.02564
0.62185,0.4215,0.02564
0.64279,0.41976,0.02564
0.66373,0.41448,0.02564
0.68467,0.40552,0.02564
0.70561,0.39265,0.02564
0.72655,0.37545,0.02564
0.74749,0.35328,0.02564
0.76843,0.32514,0.02564
0.78937,0.2893,0.02564
0.81031,0.24235,0.02564
0.83125,0.1756,0.02564
0.85219,0.0,0.02564
0.03792,0.0,0.05128
0.05918,0.22363,0.05128
0.08045,0.40532,0.05128
0.10171,0.54862,0.05128
0.12297,0.65706,0.05128
0.14424,0.73418,0.05128
0.1655,0.7835,0.05128
0.18676,0.80857,0.05128
0.20803,0.8129,0.05128
0.22929,0.80006,0.05128
0.25055,0.77356,0.05128
0.27182,0.73694,0.05128
0.29308,0.69374,0.05128
0.31435,0.64748,0.05128
0.33561,0.60172,0.05128
0.35687,0.55996,0.05128
0.37814,0.52577,0.05128
0.3994,0.50265,0.05128
0.42066,0.49416,0.05128
0.44072,0.49416,0.05128
0.46077,0.49416,0.05128
0.48082,0.49416,0.05128
0.50087,0.49416,0.05128
0.52092,0.49416,0.05128
0.54097,0.49416,0.05128
0.56102,0.49416,0.05128
0.58107,0.49416,0.05128
0.60112,0.49416,0.05128
0.62117,0.49416,0.05128
0.64355,0.49212,0.05128
0.66592,0.48593,0.05128
0.6883,0.47543,0.05128
0.71067,0.46034,0.05128
0.73305,0.44016,0.05128
0.75542,0.41418,0.05128
0.7778,0.3812,0.05128
0.80017,0.33917,0.05128
0.82255,0.28412,0.05128
0.84492,0.20587,0.05128
0.8673,0.0,0.05128
0.03519,0.0,0.07692
0.05741,0.24715,0.07692
0.07962,0.44576,0.07692
0.10184,0.60016,0.07692
0.12405,0.7147,0.07692
0.14626,0.79369,0.07692
0.16848,0.84148,0.07692
0.19069,0.86238,0.07692
0.21291,0.86074,0.07692
0.23512,0.84088,0.07692
0.25734,0.80714,0.07692
0.27955,0.76384,0.07692
0.30176,0.71532,0.07692
0.32398,0.66591,0.07692
0.34619,0.61994,0.07692
0.36841,0.58174,0.07692
0.39062,0.55565,0.07692
0.41284,0.54598,0.07692
0.43363,0.54598,0.07692
0.45442,0.54598,0.07692
0.47521,0.54598,0.07692
0.496,0.54598,0.07692
0.51679,0.54598,0.07692
0.53758,0.54598,0.07692
0.55837,0.54598,0.07692
0.57916,0.54598,0.07692
0.59995,0.54598,0.07692
0.62074,0.54598,0.07692
0.64225,0.54408,0.07692
0.66376,0.53835,0.07692
0.68527,0.52865,0.07692
0.70679,0.51476,0.07692
0.7283,0.49633,0.07692
0.74981,0.47284,0.07692
0.77132,0.44347,0.07692
0.79283,0.40695,0.07692
0.81435,0.36113,0.07692
0.83586,0.30181,0.07692
0.85737,0.2182,0.07692
0.87888,0.0,0.07692
0.0329,0.0,0.10256
0.05481,0.25828,0.10256
0.07672,0.46616,0.10256
0.09864,0.62813,0.10256
0.12055,0.74868,0.10256
0.14246,0.83228,0.10256
0.16438,0.88342,0.10256
0.18629,0.90659,0.10256
0.20821,0.90627,0.10256
0.23012,0.88693,0.10256
0.25203,0.85308,0.10256
0.27395,0.8092,0.10256
0.29586,0.75976,0.10256
0.31778,0.70926,0.10256
0.33969,0.66217,0.10256
0.3616,0.62298,0.10256
0.38352,0.59618,0.10256
0.40543,0.58625,0.10256
0.42694,0.58625,0.10256
0.44845,0.58625,0.10256
0.46996,0.58625,0.10256
0.49148,0.58625,0.10256
0.51299,0.58625,0.10256
0.5345,0.58625,0.10256
0.55601,0.58625,0.10256
0.57752,0.58625,0.10256
0.59903,0.58625,0.10256
0.62054,0.58625,0.10256
0.64289,0.58421,0.10256
0.66523,0.57805,0.10256
0.68757,0.56763,0.10256
0.70991,0.55272,0.10256
0.73226,0.53294,0.10256
0.7546,0.50771,0.10256
0.77694,0.47617,0.10256
0.79928,0.43697,0.10256
0.82163,0.38777,0.10256
0.84397,0.32406,0.10256
0.86631,0.2343,0.10256
0.88865,0.0,0.10256
0.03087,0.0,0.1282
0.05385,0.28383,0.1282
0.07682,0.50897,0.1282
0.09979,0.681,0.1282
0.12277,0.80548,0.1282
0.14574,0.88798,0.1282
0.16871,0.93409,0.1282
0.19169,0.94935,0.1282
0.21466,0.93936,0.1282
0.23763,0.90968,0.1282
0.26061,0.86588,0.1282
0.28358,0.81353,0.1282
0.30655,0.75821,0.1282
0.32953,0.70548,0.1282
0.3525,0.66092,0.1282
0.37547,0.6301,0.1282
0.39845,0.61859,0.1282
0.41864,0.61859,0.1282
0.43884,0.61859,0.1282
0.45903,0.61859,0.1282
0.47923,0.61859,0.1282
0.49942,0.61859,0.1282
0.51962,0.61859,0.1282
0.53981,0.61859,0.1282
0.56001,0.61859,0.1282
0.5802,0.61859,0.1282
0.6004,0.61859,0.1282
0.62059,0.61859,0.1282
0.64365,0.61644,0.1282
0.66671,0.60993,0.1282
0.68976,0.59895,0.1282
0.71282,0.58321,0.1282
0.73587,0.56233,0.1282
0.75893,0.53571,0.1282
0.78198,0.50244,0.1282
0.80504,0.46107,0.1282
0.82809,0.40916,0.1282
0.85115,0.34194,0.1282
0.8742,0.24722,0.1282
0.89726,0.0,0.1282
0.02904,0.0,0.15384
0.05172,0.29422,0.15384
0.0744,0.52768,0.15384
0.09708,0.70616,0.15384
0.11975,0.83542,0.15384
0.14243,0.92121,0.15384
0.16511,0.9693,0.15384
0.18779,0.98547,0.15384
0.21047,0.97546,0.15384
0.23314,0.94505,0.15384
0.25582,0.89999,0.15384
0.2785,0.84605,0.15384
0.30118,0.789,0.15384
0.32385,0.73459,0.15384
0.34653,0.68859,0.15384
0.36921,0.65676,0.15384
0.39189,0.64488,0.15384
0.4127,0.64488,0.15384
0.43352,0.64488,0.15384
0.45434,0.64488,0.15384
0.47516,0.64488,0.15384
0.49598,0.64488,0.15384
0.5168,0.64488,0.15384
0.53762,0.64488,0.15384
0.55843,0.64488,0.15384
0.57925,0.64488,0.15384
0.60007,0.64488,0.15384
0.62089,0.64488,0.15384
0.64457,0.64263,0.15384
0.66825,0.63586,0.15384
0.69193,0.6244,0.15384
0.71561,0.60799,0.15384
0.73929,0.58623,0.15384
0.76296,0.55848,0.15384
0.78664,0.52379,0.15384
0.81032,0.48066,0.15384
0.834,0.42655,0.15384
0.85768,0.35647,0.15384
0.88136,0.25773,0.15384
0.90504,0.0,0.15384
0.02736,0.0,0.17949
0.04976,0.30371,0.17949
0.07216,0.54472,0.17949
0.09456,0.72897,0.17949
0.11696,0.86243,0.17949
0.13936,0.95103,0.17949
0.16176,1.0,0.17949
0.18416,1.0,0.17949
0.20655,1.0,0.17949
0.22895,0.97584,0.17949
0.25135,0.92938,0.17949
0.27375,0.87375,0.17949
0.29615,0.81489,0.17949
0.31855,0.75876,0.17949
0.34095,0.71131,0.17949
0.36335,0.67848,0.17949
0.38575,0.66621,0.17949
0.40932,0.66621,0.17949
0.43288,0.66621,0.17949
0.45645,0.66621,0.17949
0.48002,0.66621,0.17949
0.50359,0.66621,0.17949
0.52715,0.66621,0.17949
0.55072,0.66621,0.17949
0.57429,0.66621,0.17949
0.59786,0.66621,0.17949
0.62142,0.66621,0.17949
0.64379,0.66423,0.17949
0.66616,0.65828,0.17949
0.68853,0.64823,0.17949
0.71089,0.63389,0.17949
0.73326,0.61497,0.17949
0.75563,0.59101,0.17949
0.77799,0.56138,0.17949
0.80036,0.52513,0.17949
0.82273,0.48074,0.17949
0.8451,0.42569,0.17949
0.86746,0.35505,0.17949
0.88983,0.25624,0.17949
0.9122,0.0,0.17949
0.0258,0.0,0.20513
0.04941,0.33058,0.20513
0.07303,0.58827,0.20513
0.09664,0.7805,0.20513
0.12026,0.91469,0.20513
0.14388,0.99826,0.20513
0.16749,1.0,0.20513
0.19111,1.0,0.20513
0.21472,1.0,0.20513
0.23834,0.97486,0.20513
0.26195,0.9167,0.20513
0.28557,0.85248,0.20513
0.30919,0.78959,0.20513
0.3328,0.73549,0.20513
0.35642,0.69759,0.20513
0.38003,0.6833,0.20513
0.40205,0.6833,0.20513
0.42406,0.6833,0.20513
0.44608,0.6833,0.20513
0.4681,0.6833,0.20513
0.49011,0.6833,0.20513
0.51213,0.6833,0.20513
0.53414,0.6833,0.20513
0.55616,0.6833,0.20513
0.57817,0.6833,0.20513
0.60019,0.6833,0.20513
0.6222,0.6833,0.20513
0.64502,0.68127,0.20513
0.66784,0.67517,0.20513
0.69066,0.66486,0.20513
0.71348,0.65015,0.20513
0.7363,0.63074,0.20513
0.75912,0.60617,0.20513
0.78194,0.57579,0.20513
0.80476,0.53859,0.20513
0.82758,0.49307,0.20513
0.8504,0.43661,0.20513
0.87322,0.36416,0.20513
0.89604,0.26281,0.20513
0.91886,0.0,0.20513
0.02433,0.0,0.23077
0.04769,0.33817,0.23077
0.07105,0.60172,0.23077
0.09441,0.79824,0.23077
0.11777,0.93535,0.23077
0.14113,1.0,0.23077
0.16449,1.0,0.23077
0.18785,1.0,0.23077
0.21121,1.0,0.23077
0.23458,0.99575,0.23077
0.25794,0.93603,0.23077
0.2813,0.87011,0.23077
0.30466,0.80561,0.23077
0.32802,0.75012,0.23077
0.35138,0.71126,0.23077
0.37474,0.69661,0.23077
0.39733,0.69661,0.23077
0.41992,0.69661,0.23077
0.44251,0.69661,0.23077
0.4651,0.69661,0.23077
0.48769,0.69661,0.23077
0.51028,0.69661,0.23077
0.53287,0.69661,0.23077
0.55546,0.69661,0.23077
0.57805,0.69661,0.23077
0.60064,0.69661,0.23077
0.62323,0.69661,0.23077
0.64645,0.69454,0.23077
0.66967,0.68832,0.23077
0.69289,0.67781,0.23077
0.71611,0.66281,0.23077
0.73934,0.64303,0.23077
0.76256,0.61798,0.23077
0.78578,0.587,0.23077
0.809,0.54909,0.23077
0.83223,0.50267,0.23077
0.85545,0.44511,0.23077
0.87867,0.37125,0.23077
0.90189,0.26793,0.23077
0.92511,0.0,0.23077
0.02293,0.0,0.25641
0.04606,0.34425,0.25641
0.06919,0.61247,0.25641
0.09232,0.81242,0.25641
0.11545,0.95184,0.25641
0.13858,1.0,0.25641
0.16171,1.0,0.25641
0.18484,1.0,0.25641
0.20797,1.0,0.25641
0.2311,1.0,0.25641
0.25423,0.95126,0.25641
0.27736,0.88397,0.25641
0.30048,0.81815,0.25641
0.32361,0.76153,0.25641
0.34674,0.72188,0.25641
0.36987,0.70694,0.25641
0.39302,0.70694,0.25641
0.41617,0.70694,0.25641
0.43931,0.70694,0.25641
0.46246,0.70694,0.25641
0.48561,0.70694,0.25641
0.50876,0.70694,0.25641
0.5319,0.70694,0.25641
0.55505,0.70694,0.25641
0.5782,0.70694,0.25641
0.60135,0.70694,0.25641
0.62449,0.70694,0.25641
0.64807,0.70485,0.25641
0.67165,0.69852,0.25641
0.69523,0.68786,0.25641
0.71881,0.67264,0.25641
0.74239,0.65256,0.25641
0.76597,0.62714,0.25641
0.78955,0.59571,0.25641
0.81313,0.55723,0.25641
0.83671,0.51013,0.25641
0.86029,0.45171,0.25641
0.88387,0.37676,0.25641
0.90745,0.2719,0.25641
0.93103,0.0,0.25641
0.02071,0.0,0.28205
0.04369,0.34955,0.28205
0.06667,0.62188,0.28205
0.08966,0.82487,0.28205
0.11264,0.96637,0.28205
0.13562,1.0,0.28205
0.1586,1.0,0.28205
0.18158,1.0,0.28205
0.20456,1.0,0.28205
0.22754,1.0,0.28205
0.25052,0.96525,0.28205
0.2735,0.89684,0.28205
0.29648,0.82993,0.28205
0.31946,0.77239,0.28205
0.34244,0.73209,0.28205
0.36542,0.71691,0.28205
0.38911,0.71691,0.28205
0.4128,0.71691,0.28205
0.43649,0.71691,0.28205
0.46018,0.71691,0.28205
0.48387,0.71691,0.28205
0.50756,0.71691,0.28205
0.53125,0.71691,0.28205
0.55494,0.71691,0.28205
0.57863,0.71691,0.28205
0.60231,0.71691,0.28205
0.626,0.71691,0.28205
0.6499,0.71478,0.28205
0.6738,0.70837,0.28205
0.69769,0.69756,0.28205
0.72159,0.68213,0.28205
0.74549,0.66176,0.28205
0.76938,0.63598,0.28205
0.79328,0.60411,0.28205
0.81717,0.56509,0.28205
0.84107,0.51732,0.28205
0.86497,0.45808,0.28205
0.88886,0.38207,0.28205
0.91276,0.27574,0.28205
0.93666,0.0,0.28205
0.01523,0.0,0.30769
0.03995,0.37876,0.30769
0.06468,0.66767,0.30769
0.08941,0.87662,0.30769
0.11413,1.0,0.30769
0.13886,1.0,0.30769
0.16359,1.0,0.30769
0.18831,1.0,0.30769
0.21304,1.0,0.30769
0.23777,1.0,0.30769
0.26249,0.93133,0.30769
0.28722,0.85672,0.30769
0.31195,0.79118,0.30769
0.33668,0.7446,0.30769
0.3614,0.72688,0.30769
0.3836,0.72688,0.30769
0.40579,0.72688,0.30769
0.42799,0.72688,0.30769
0.45019,0.72688,0.30769
0.47238,0.72688,0.30769
0.49458,0.72688,0.30769
0.51677,0.72688,0.30769
0.53897,0.72688,0.30769
0.56117,0.72688,0.30769
0.58336,0.72688,0.30769
0.60556,0.72688,0.30769
0.62776,0.72688,0.30769
0.65193,0.72472,0.30769
0.67611,0.71823,0.30769
0.70028,0.70726,0.30769
0.72446,0.69161,0.30769
0.74863,0.67096,0.30769
0.77281,0.64483,0.30769
0.79698,0.61251,0.30769
0.82116,0.57295,0.30769
0.84533,0.52451,0.30769
0.86951,0.46446,0.30769
0.89368,0.38738,0.30769
0.91786,0.27957,0.30769
0.94203,0.0,0.30769
0.01058,0.0,0.33333
0.03538,0.38327,0.33333
0.06019,0.67565,0.33333
0.08499,0.88716,0.33333
0.10979,1.0,0.33333
0.13459,1.0,0.33333
0.15939,1.0,0.33333
0.18419,1.0,0.33333
0.20899,1.0,0.33333
0.23379,1.0,0.33333
0.2586,0.94345,0.33333
0.2834,0.86807,0.33333
0.3082,0.80183,0.33333
0.333,0.75476,0.33333
0.3578,0.73685,0.33333
0.38046,0.73685,0.33333
0.40312,0.73685,0.33333
0.42579,0.73685,0.33333
0.44845,0.73685,0.33333
0.47111,0.73685,0.33333
0.49378,0.73685,0.33333
0.51644,0.73685,0.33333
0.5391,0.73685,0.33333
0.56176,0.73685,0.33333
0.58443,0.73685,0.33333
0.60709,0.73685,0.33333
0.62975,0.73685,0.33333
0.65417,0.73466,0.33333
0.67859,0.72807,0.33333
0.70301,0.71695,0.33333
0.72742,0.7011,0.33333
0.75184,0.68016,0.33333
0.77626,0.65367,0.33333
0.80068,0.6209,0.33333
0.8251,0.5808,0.33333
0.84952,0.53171,0.33333
0.87394,0.47083,0.33333
0.89835,0.3927,0.33333
0.92277,0.2834,0.33333
0.94719,0.0,0.33333
0.00678,0.0,0.35897
0.03163,0.38484,0.35897
0.05647,0.67864,0.35897
0.08132,0.89141,0.35897
0.10617,1.0,0.35897
0.13101,1.0,0.35897
0.15586,1.0,0.35897
0.1807,1.0,0.35897
0.20555,1.0,0.35897
0.23039,1.0,0.35897
0.25524,0.9528,0.35897
0.28008,0.8777,0.35897
0.30493,0.81166,0.35897
0.32978,0.76469,0.35897
0.35462,0.74681,0.35897
0.37774,0.74681,0.35897
0.40085,0.74681,0.35897
0.42396,0.74681,0.35897
0.44708,0.74681,0.35897
0.47019,0.74681,0.35897
0.49331,0.74681,0.35897
0.51642,0.74681,0.35897
0.53953,0.74681,0.35897
0.56265,0.74681,0.35897
0.58576,0.74681,0.35897
0.60888,0.74681,0.35897
0.63199,0.74681,0.35897
0.65662,0.7446,0.35897
0.68125,0.73792,0.35897
0.70587,0.72665,0.35897
0.7305,0.71059,0.35897
0.75513,0.68936,0.35897
0.77976,0.66251,0.35897
0.80438,0.6293,0.35897
0.82901,0.58866,0.35897
0.85364,0.5389,0.35897
0.87827,0.47719,0.35897
0.9029,0.398,0.35897
0.92752,0.28724,0.35897
0.95215,0.0,0.35897
0.00382,0.0,0.38461
0.02868,0.38345,0.38461
0.05354,0.67658,0.38461
0.0784,0.88929,0.38461
0.10326,1.0,0.38461
0.12812,1.0,0.38461
0.15298,1.0,0.38461
0.17784,1.0,0.38461
0.2027,1.0,0.38461
0.22757,1.0,0.38461
0.25243,0.95934,0.38461
0.27729,0.88559,0.38461
0.30215,0.82064,0.38461
0.32701,0.7744,0.38461
0.35187,0.75678,0.38461
0.37542,0.75678,0.38461
0.39897,0.75678,0.38461
0.42252,0.75678,0.38461
0.44607,0.75678,0.38461
0.46962,0.75678,0.38461
0.49317,0.75678,0.38461
0.51672,0.75678,0.38461
0.54027,0.75678,0.38461
0.56382,0.75678,0.38461
0.58737,0.75678,0.38461
0.61092,0.75678,0.38461
0.63447,0.75678,0.38461
0.65928,0.75454,0.38461
0.68408,0.74777,0.38461
0.70889,0.73635,0.38461
0.73369,0.72007,0.38461
0.7585,0.69857,0.38461
0.7833,0.67136,0.38461
0.80811,0.6377,0.38461
0.83291,0.59651,0.38461
0.85772,0.54609,0.38461
0.88253,0.48356,0.38461
0.90733,0.40332,0.38461
0.93214,0.29107,0.38461
0.95694,0.0,0.38461
0.00171,0.0,0.41026
0.02655,0.37915,0.41026
0.0514,0.66955,0.41026
0.07624,0.88091,0.41026
0.10109,1.0,0.41026
0.12593,1.0,0.41026
0.15078,1.0,0.41026
0.17562,1.0,0.41026
0.20046,1.0,0.41026
0.22531,1.0,0.41026
0.25015,0.96312,0.41026
0.275,0.89177,0.41026
0.29984,0.82879,0.41026
0.32469,0.78388,0.41026
0.34953,0.76675,0.41026
0.3735,0.76675,0.41026
0.39748,0.76675,0.41026
0.42145,0.76675,0.41026
0.44542,0.76675,0.41026
0.46939,0.76675,0.41026
0.49336,0.76675,0.41026
0.51734,0.76675,0.41026
0.54131,0.76675,0.41026
0.56528,0.76675,0.41026
0.58925,0.76675,0.41026
0.61322,0.76675,0.41026
0.6372,0.76675,0.41026
0.66215,0.76448,0.41026
0.6871,0.75762,0.41026
0.71205,0.74605,0.41026
0.737,0.72955,0.41026
0.76196,0.70777,0.41026
0.78691,0.6802,0.41026
0.81186,0.6461,0.41026
0.83681,0.60437,0.41026
0.86176,0.55329,0.41026
0.88672,0.48993,0.41026
0.91167,0.40863,0.41026
0.93662,0.2949,0.41026
0.96157,0.0,0.41026
0.00043,0.0,0.4359
0.02523,0.3721,0.4359
0.05003,0.65784,0.4359
0.07483,0.86663,0.4359
0.09963,1.0,0.4359
0.12443,1.0,0.4359
0.14923,1.0,0.4359
0.17403,1.0,0.4359
0.19883,1.0,0.4359
0.22363,1.0,0.4359
0.24842,0.96429,0.4359
0.27322,0.89635,0.4359
0.29802,0.83616,0.4359
0.32282,0.79314,0.4359
0.34762,0.77672,0.4359
0.372,0.77672,0.4359
0.39638,0.77672,0.4359
0.42076,0.77672,0.4359
0.44514,0.77672,0.4359
0.46951,0.77672,0.4359
0.49389,0.77672,0.4359
0.51827,0.77672,0.4359
0.54265,0.77672,0.4359
0.56703,0.77672,0.4359
0.59141,0.77672,0.4359
0.61579,0.77672,0.4359
0.64016,0.77672,0.4359
0.66523,0.77442,0.4359
0.6903,0.76747,0.4359
0.71537,0.75576,0.4359
0.74044,0.73903,0.4359
0.76551,0.71697,0.4359
0.79058,0.68904,0.4359
0.81565,0.6545,0.4359
0.84072,0.61223,0.4359
0.86578,0.56048,0.4359
0.89085,0.4963,0.4359
0.91592,0.41394,0.4359
0.94099,0.29874,0.4359
0.96606,0.0,0.4359
0.0,0.0,0.46154
0.02472,0.36255,0.46154
0.04945,0.64186,0.46154
0.07417,0.84697,0.46154
0.0989,0.98691,0.46154
0.12362,1.0,0.46154
0.14834,1.0,0.46154
0.17307,1.0,0.46154
0.19779,1.0,0.46154
0.22251,1.0,0.46154
0.24724,0.9631,0.46154
0.27196,0.89945,0.46154
0.29669,0.84282,0.46154
0.32141,0.80223,0.46154
0.34613,0.78668,0.46154
0.3709,0.78668,0.46154
0.39567,0.78668,0.46154
0.42044,0.78668,0.46154
0.44521,0.78668,0.46154
0.46998,0.78668,0.46154
0.49476,0.78668,0.46154
0.51953,0.78668,0.46154
0.5443,0.78668,0.46154
0.56907,0.78668,0.46154
0.59384,0.78668,0.46154
0.61861,0.78668,0.46154
0.64338,0.78668,0.46154
0.66853,0.78436,0.46154
0.69369,0.77732,0.46154
0.71885,0.76545,0.46154
0.744,0.74852,0.46154
0.76916,0.72617,0.46154
0.79432,0.69788,0.46154
0.81948,0.6629,0.46154
0.84463,0.62008,0.46154
0.86979,0.56767,0.46154
0.89495,0.50267,0.46154
0.9201,0.41925,0.46154
0.94526,0.30257,0.46154
0.97042,0.0,0.46154
0.00041,0.0,0.48718
0.02503,0.35079,0.48718
0.04965,0.62215,0.48718
0.07427,0.82261,0.48718
0.09889,0.96074,0.48718
0.1235,1.0,0.48718
0.14812,1.0,0.48718
0.17274,1.0,0.48718
0.19736,1.0,0.48718
0.22198,1.0,0.48718
0.2466,0.95983,0.48718
0.27121,0.90128,0.48718
0.29583,0.84886,0.48718
0.32045,0.81113,0.48718
0.34507,0.79665,0.48718
0.37022,0.79665,0.48718
0.39536,0.79665,0.48718
0.42051,0.79665,0.48718
0.44566,0.79665,0.48718
0.4708,0.79665,0.48718
0.49595,0.79665,0.48718
0.5211,0.79665,0.48718
0.54624,0.79665,0.48718
0.57139,0.79665,0.48718
0.59654,0.79665,0.48718
0.62168,0.79665,0.48718
0.64683,0.79665,0.48718
0.67205,0.79429,0.48718
0.69727,0.78717,0.48718
0.72248,0.77515,0.48718
0.7477,0.758,0.48718
0.77292,0.73537,0.48718
0.79814,0.70673,0.48718
0.82335,0.6713,0.48718
0.84857,0.62794,0.48718
0.87379,0.57486,0.48718
0.899,0.50904,0.48718
0.92422,0.42457,0.48718
0.94944,0.3064,0.48718
0.97466,0.0,0.48718
0.00166,0.0,0.51282
0.02615,0.33721,0.51282
0.05063,0.59929,0.51282
0.07511,0.79428,0.51282
0.0996,0.93021,0.51282
0.12408,1.0,0.51282
0.14856,1.0,0.51282
0.17305,1.0,0.51282
0.19753,1.0,0.51282
0.22201,1.0,0.51282
0.24649,0.95482,0.51282
0.27098,0.90203,0.51282
0.29546,0.85438,0.51282
0.31994,0.8199,0.51282
0.34443,0.80662,0.51282
0.36994,0.80662,0.51282
0.39544,0.80662,0.51282
0.42095,0.80662,0.51282
0.44646,0.80662,0.51282
0.47197,0.80662,0.51282
0.49748,0.80662,0.51282
0.52299,0.80662,0.51282
0.54849,0.80662,0.51282
0.574,0.80662,0.51282
0.59951,0.80662,0.51282
0.62502,0.80662,0.51282
0.65053,0.80662,0.51282
0.67578,0.80423,0.51282
0.70103,0.79702,0.51282
0.72628,0.78485,0.51282
0.75153,0.76749,0.51282
0.77678,0.74457,0.51282
0.80203,0.71557,0.51282
0.82728,0.6797,0.51282
0.85253,0.6358,0.51282
0.87778,0.58206,0.51282
0.90303,0.5154,0.51282
0.92828,0.42988,0.51282
0.95354,0.31024,0.51282
0.97879,0.0,0.51282
0.00376,0.0,0.53846
0.02995,0.34391,0.53846
0.05614,0.60689,0.53846
0.08232,0.79823,0.53846
0.10851,0.92722,0.53846
0.1347,1.0,0.53846
0.16089,1.0,0.53846
0.18708,1.0,0.53846
0.21327,1.0,0.53846
0.23945,0.96239,0.53846
0.26564,0.91255,0.53846
0.29183,0.86543,0.53846
0.31802,0.83035,0.53846
0.34421,0.81659,0.53846
0.36807,0.81659,0.53846
0.39194,0.81659,0.53846
0.41581,0.81659,0.53846
0.43967,0.81659,0.53846
0.46354,0.81659,0.53846
0.48741,0.81659,0.53846
0.51127,0.81659,0.53846
0.53514,0.81659,0.53846
0.559,0.81659,0.53846
0.58287,0.81659,0.53846
0.60674,0.81659,0.53846
0.6306,0.81659,0.53846
0.65447,0.81659,0.53846
0.67973,0.81417,0.53846
0.70498,0.80686,0.53846
0.73024,0.79455,0.53846
0.7555,0.77697,0.53846
0.78075,0.75377,0.53846
0.80601,0.72441,0.53846
0.83127,0.6881,0.53846
0.85653,0.64366,0.53846
0.88178,0.58925,0.53846
0.90704,0.52177,0.53846
0.9323,0.43519,0.53846
0.95756,0.31407,0.53846
0.98281,0.0,0.53846
0.0067,0.0,0.5641
0.03267,0.32672,0.5641
0.05865,0.57834,0.5641
0.08463,0.7634,0.5641
0.11061,0.8904,0.5641
0.13659,0.96786,0.5641
0.16256,1.0,0.5641
0.18854,1.0,0.5641
0.21452,0.98823,0.5641
0.2405,0.95275,0.5641
0.26648,0.91031,0.5641
0.29245,0.86946,0.5641
0.31843,0.8387,0.5641
0.34441,0.82655,0.5641
0.36858,0.82655,0.5641
0.39276,0.82655,0.5641
0.41693,0.82655,0.5641
0.4411,0.82655,0.5641
0.46527,0.82655,0.5641
0.48945,0.82655,0.5641
0.51362,0.82655,0.5641
0.53779,0.82655,0.5641
0.56196,0.82655,0.5641
0.58613,0.82655,0.5641
0.61031,0.82655,0.5641
0.63448,0.82655,0.5641
0.65865,0.82655,0.5641
0.68389,0.82411,0.5641
0.70913,0.81671,0.5641
0.73437,0.80424,0.5641
0.7596,0.78646,0.5641
0.78484,0.76297,0.5641
0.81008,0.73325,0.5641
0.83532,0.6965,0.5641
0.86056,0.65151,0.5641
0.88579,0.59644,0.5641
0.91103,0.52815,0.5641
0.93627,0.4405,0.5641
0.96151,0.3179,0.5641
0.98674,0.0,0.5641
0.01048,0.0,0.58974
0.03621,0.30871,0.58974
0.06195,0.54843,0.58974
0.08768,0.72687,0.58974
0.11342,0.85175,0.58974
0.13915,0.93076,0.58974
0.16489,0.97161,0.58974
0.19062,0.98201,0.58974
0.21636,0.96967,0.58974
0.24209,0.94229,0.58974
0.26783,0.90758,0.58974
0.29357,0.87324,0.58974
0.3193,0.84699,0.58974
0.34504,0.83652,0.58974
0.3695,0.83652,0.58974
0.39397,0.83652,0.58974
0.41843,0.83652,0.58974
0.4429,0.83652,0.58974
0.46736,0.83652,0.58974
0.49183,0.83652,0.58974
0.51629,0.83652,0.58974
0.54075,0.83652,0.58974
0.56522,0.83652,0.58974
0.58968,0.83652,0.58974
0.61415,0.83652,0.58974
0.63861,0.83652,0.58974
0.66308,0.83652,0.58974
0.68827,0.83405,0.58974
0.71346,0.82657,0.58974
0.73866,0.81394,0.58974
0.76385,0.79594,0.58974
0.78904,0.77218,0.58974
0.81424,0.7421,0.58974
0.83943,0.7049,0.58974
0.86462,0.65937,0.58974
0.88982,0.60364,0.58974
0.91501,0.53452,0.58974
0.9402,0.44582,0.58974
0.96539,0.32174,0.58974
0.99059,0.0,0.58974
0.0151,0.0,0.61539
0.04056,0.29022,0.61539
0.06602,0.51772,0.61539
0.09148,0.68936,0.61539
0.11694,0.81202,0.61539
0.1424,0.89259,0.61539
0.16786,0.93793,0.61539
0.19332,0.95492,0.61539
0.21878,0.95044,0.61539
0.24424,0.93135,0.61539
0.2697,0.90454,0.61539
0.29516,0.87688,0.61539
0.32063,0.85523,0.61539
0.34609,0.84649,0.61539
0.37083,0.84649,0.61539
0.39557,0.84649,0.61539
0.42032,0.84649,0.61539
0.44506,0.84649,0.61539
0.4698,0.84649,0.61539
0.49455,0.84649,0.61539
0.51929,0.84649,0.61539
0.54403,0.84649,0.61539
0.56878,0.84649,0.61539
0.59352,0.84649,0.61539
0.61826,0.84649,0.61539
0.64301,0.84649,0.61539
0.66775,0.84649,0.61539
0.69287,0.84399,0.61539
0.718,0.83642,0.61539
0.74312,0.82364,0.61539
0.76824,0.80542,0.61539
0.79336,0.78138,0.61539
0.81849,0.75094,0.61539
0.84361,0.7133,0.61539
0.86873,0.66723,0.61539
0.89386,0.61083,0.61539
0.91898,0.54089,0.61539
0.9441,0.45113,0.61539
0.96922,0.32557,0.61539
0.99435,0.0,0.61539
0.02056,0.0,0.64103
0.04572,0.27155,0.64103
0.07087,0.48668,0.64103
0.09602,0.65146,0.64103
0.12118,0.77188,0.64103
0.14633,0.85401,0.64103
0.17148,0.90388,0.64103
0.19664,0.92751,0.64103
0.22179,0.93094,0.64103
0.24694,0.92023,0.64103
0.2721,0.90138,0.64103
0.29725,0.88045,0.64103
0.3224,0.86346,0.64103
0.34756,0.85646,0.64103
0.37256,0.85646,0.64103
0.39757,0.85646,0.64103
0.42258,0.85646,0.64103
0.44759,0.85646,0.64103
0.4726,0.85646,0.64103
0.49761,0.85646,0.64103
0.52261,0.85646,0.64103
0.54762,0.85646,0.64103
0.57263,0.85646,0.64103
0.59764,0.85646,0.64103
0.62265,0.85646,0.64103
0.64765,0.85646,0.64103
0.67266,0.85646,0.64103
0.69769,0.85393,0.64103
0.72272,0.84626,0.64103
0.74775,0.83334,0.64103
0.77278,0.81491,0.64103
0.7978,0.79058,0.64103
0.82283,0.75978,0.64103
0.84786,0.7217,0.64103
0.87289,0.67509,0.64103
0.89792,0.61802,0.64103
0.92295,0.54725,0.64103
0.94798,0.45644,0.64103
0.973,0.32941,0.64103
0.99803,0.0,0.64103
0.02687,0.0,0.66667
0.05168,0.25293,0.66667
0.0765,0.45576,0.66667
0.10131,0.61367,0.66667
0.12613,0.73188,0.66667
0.15094,0.81557,0.66667
0.17575,0.86995,0.66667
0.20057,0.9002,0.66667
0.22538,0.91154,0.66667
0.2502,0.90916,0.66667
0.27501,0.89827,0.66667
0.29982,0.88405,0.66667
0.32464,0.8717,0.66667
0.34945,0.86643,0.66667
0.37471,0.86643,0.66667
0.39997,0.86643,0.66667
0.42523,0.86643,0.66667
0.45049,0.86643,0.66667
0.47575,0.86643,0.66667
0.50101,0.86643,0.66667
0.52626,0.86643,0.66667
0.55152,0.86643,0.66667
0.57678,0.86643,0.66667
0.60204,0.86643,0.66667
0.6273,0.86643,0.66667
0.65256,0.86643,0.66667
0.67782,0.86643,0.66667
0.7026,0.86131,0.66667
0.72738,0.84598,0.66667
0.75217,0.8204,0.66667
0.77695,0.78461,0.66667
0.80173,0.73858,0.66667
0.82652,0.68233,0.66667
0.8513,0.61586,0.66667
0.87608,0.53915,0.66667
0.90087,0.45222,0.66667
0.92565,0.35506,0.66667
0.95043,0.24768,0.66667
0.97522,0.13005,0.66667
1.0,0.00221,0.66667
0.03402,0.0,0.69231
0.05846,0.23459,0.69231
0.0829,0.42528,0.69231
0.10734,0.57645,0.69231
0.13179,0.69246,0.69231
0.15623,0.77771,0.69231
0.18067,0.83654,0.69231
0.20511,0.87335,0.69231
0.22956,0.8925,0.69231
0.254,0.89836,0.69231
0.27844,0.89531,0.69231
0.30288,0.88772,0.69231
0.32733,0.87995,0.69231
0.35177,0.8764,0.69231
0.37726,0.8764,0.69231
0.40276,0.8764,0.69231
0.42826,0.8764,0.69231
0.45375,0.8764,0.69231
0.47925,0.8764,0.69231
0.50474,0.8764,0.69231
0.53024,0.8764,0.69231
0.55574,0.8764,0.69231
0.58123,0.8764,0.69231
0.60673,0.8764,0.69231
0.63223,0.8764,0.69231
0.65772,0.8764,0.69231
0.68322,0.8764,0.69231
0.70754,0.87141,0.69231
0.73187,0.85648,0.69231
0.7562,0.83158,0.69231
0.78052,0.79671,0.69231
0.80485,0.7519,0.69231
0.82918,0.69712,0.69231
0.8535,0.63238,0.69231
0.87783,0.55768,0.69231
0.90216,0.47303,0.69231
0.92648,0.3784,0.69231
0.95081,0.27382,0.69231
0.97514,0.15929,0.69231
0.99946,0.03479,0.69231
0.04201,0.0,0.71795
0.06605,0.21666,0.71795
0.09009,0.3955,0.71795
0.11412,0.54009,0.71795
0.13816,0.654,0.71795
0.1622,0.74078,0.71795
0.18624,0.80401,0.71795
0.21028,0.84724,0.71795
0.23432,0.87405,0.71795
0.25835,0.88799,0.71795
0.28239,0.89262,0.71795
0.30643,0.89152,0.71795
0.33047,0.88825,0.71795
0.35451,0.88637,0.71795
0.37839,0.88637,0.71795
0.40227,0.88637,0.71795
0.42615,0.88637,0.71795
0.45004,0.88637,0.71795
0.47392,0.88637,0.71795
0.4978,0.88637,0.71795
0.52168,0.88637,0.71795
0.54557,0.88637,0.71795
0.56945,0.88637,0.71795
0.59333,0.88637,0.71795
0.61721,0.88637,0.71795
0.6411,0.88637,0.71795
0.66498,0.88637,0.71795
0.68886,0.88637,0.71795
0.7147,0.88078,0.71795
0.74054,0.86404,0.71795
0.76638,0.83613,0.71795
0.79221,0.79707,0.71795
0.81805,0.74684,0.71795
0.84389,0.68544,0.71795
0.86973,0.61289,0.71795
0.89557,0.52917,0.71795
0.92141,0.43429,0.71795
0.94725,0.32824,0.71795
0.97308,0.21104,0.71795
0.99892,0.08267,0.71795
0.05084,0.0,0.74359
0.07641,0.2144,0.74359
0.10198,0.39163,0.74359
0.12755,0.53521,0.74359
0.15312,0.64868,0.74359
0.17869,0.73557,0.74359
0.20426,0.79941,0.74359
0.22983,0.84375,0.74359
0.25539,0.8721,0.74359
0.28096,0.888,0.74359
0.30653,0.89498,0.74359
0.3321,0.89659,0.74359
0.35767,0.89633,0.74359
0.38014,0.89633,0.74359
0.40261,0.89633,0.74359
0.42508,0.89633,0.74359
0.44756,0.89633,0.74359
0.47003,0.89633,0.74359
0.4925,0.89633,0.74359
0.51497,0.89633,0.74359
0.53744,0.89633,0.74359
0.55991,0.89633,0.74359
0.58239,0.89633,0.74359
0.60486,0.89633,0.74359
0.62733,0.89633,0.74359
0.6498,0.89633,0.74359
0.67227,0.89633,0.74359
0.69475,0.89633,0.74359
0.72005,0.89101,0.74359
0.74535,0.87506,0.74359
0.77066,0.84847,0.74359
0.79596,0.81124,0.74359
0.82126,0.76338,0.74359
0.84656,0.70488,0.74359
0.87187,0.63575,0.74359
0.89717,0.55598,0.74359
0.92247,0.46558,0.74359
0.94778,0.36454,0.74359
0.97308,0.25286,0.74359
0.99838,0.13055,0.74359
0.06052,0.0,0.76923
0.08558,0.19652,0.76923
0.11064,0.36249,0.76923
0.1357,0.50047,0.76923
0.16077,0.61303,0.76923
0.18583,0.70273,0.76923
0.21089,0.77214,0.76923
0.23595,0.82383,0.76923
0.26101,0.86036,0.76923
0.28607,0.88431,0.76923
0.31113,0.89824,0.76923
0.33619,0.90471,0.76923
0.36126,0.9063,0.76923
0.3839,0.9063,0.76923
0.40654,0.9063,0.76923
0.42918,0.9063,0.76923
0.45182,0.9063,0.76923
0.47446,0.9063,0.76923
0.4971,0.9063,0.76923
0.51974,0.9063,0.76923
0.54239,0.9063,0.76923
0.56503,0.9063,0.76923
0.58767,0.9063,0.76923
0.61031,0.9063,0.76923
0.63295,0.9063,0.76923
0.65559,0.9063,0.76923
0.67823,0.9063,0.76923
0.70087,0.9063,0.76923
0.72562,0.90125,0.76923
0.75037,0.88608,0.76923
0.77512,0.86081,0.76923
0.79986,0.82542,0.76923
0.82461,0.77994,0.76923
0.84936,0.72433,0.76923
0.87411,0.65863,0.76923
0.89885,0.5828,0.76923
0.9236,0.49688,0.76923
0.94835,0.40084,0.76923
0.9731,0.29469,0.76923
0.99785,0.17844,0.76923
0.07104,0.0,0.79487
0.09556,0.17939,0.79487
0.12008,0.33458,0.79487
0.14459,0.46723,0.79487
0.16911,0.57895,0.79487
0.19363,0.67138,0.79487
0.21815,0.74619,0.79487
0.24267,0.80498,0.79487
0.26719,0.84941,0.79487
0.29171,0.88112,0.79487
0.31623,0.90174,0.79487
0.34074,0.91291,0.79487
0.36526,0.91627,0.79487
0.38806,0.91627,0.79487
0.41086,0.91627,0.79487
0.43366,0.91627,0.79487
0.45646,0.91627,0.79487
0.47926,0.91627,0.79487
0.50206,0.91627,0.79487
0.52485,0.91627,0.79487
0.54765,0.91627,0.79487
0.57045,0.91627,0.79487
0.59325,0.91627,0.79487
0.61605,0.91627,0.79487
0.63885,0.91627,0.79487
0.66165,0.91627,0.79487
0.68445,0.91627,0.79487
0.70725,0.91627,0.79487
0.73142,0.91147,0.79487
0.75559,0.8971,0.79487
0.77976,0.87314,0.79487
0.80393,0.83961,0.79487
0.82811,0.79648,0.79487
0.85228,0.74378,0.79487
0.87645,0.68149,0.79487
0.90062,0.60962,0.79487
0.92479,0.52817,0.79487
0.94896,0.43713,0.79487
0.97314,0.33652,0.79487
0.99731,0.22631,0.79487
0.0824,0.0,0.82051
0.10634,0.16304,0.82051
0.13028,0.30798,0.82051
0.15422,0.43556,0.82051
0.17816,0.54653,0.82051
0.2021,0.64164,0.82051
0.22605,0.72164,0.82051
0.24999,0.78727,0.82051
0.27393,0.8393,0.82051
0.29787,0.87846,0.82051
0.32181,0.9055,0.82051
0.34575,0.92117,0.82051
0.36969,0.92624,0.82051
0.39264,0.92624,0.82051
0.41558,0.92624,0.82051
0.43853,0.92624,0.82051
0.46147,0.92624,0.82051
0.48442,0.92624,0.82051
0.50736,0.92624,0.82051
0.53031,0.92624,0.82051
0.55325,0.92624,0.82051
0.57619,0.92624,0.82051
0.59914,0.92624,0.82051
0.62208,0.92624,0.82051
0.64503,0.92624,0.82051
0.66797,0.92624,0.82051
0.69092,0.92624,0.82051
0.71386,0.92624,0.82051
0.73744,0.92168,0.82051
0.76101,0.90801,0.82051
0.78459,0.88523,0.82051
0.80816,0.85333,0.82051
0.83174,0.81233,0.82051
0.85532,0.7622,0.82051
0.87889,0.70297,0.82051
0.90247,0.63462,0.82051
0.92604,0.55716,0.82051
0.94962,0.47059,0.82051
0.97319,0.3749,0.82051
0.99677,0.27011,0.82051
0.0946,0.0,0.84616
0.11793,0.14751,0.84616
0.14126,0.28271,0.84616
0.16459,0.40552,0.84616
0.18792,0.51583,0.84616
0.21125,0.61353,0.84616
0.23457,0.69853,0.84616
0.2579,0.77073,0.84616
0.28123,0.83003,0.84616
0.30456,0.87633,0.84616
0.32789,0.90953,0.84616
0.35122,0.92952,0.84616
0.37455,0.9362,0.84616
0.39762,0.9362,0.84616
0.4207,0.9362,0.84616
0.44378,0.9362,0.84616
0.46686,0.9362,0.84616
0.48994,0.9362,0.84616
0.51302,0.9362,0.84616
0.53609,0.9362,0.84616
0.55917,0.9362,0.84616
0.58225,0.9362,0.84616
0.60533,0.9362,0.84616
0.62841,0.9362,0.84616
0.65148,0.9362,0.84616
0.67456,0.9362,0.84616
0.69764,0.9362,0.84616
0.72072,0.9362,0.84616
0.74368,0.93174,0.84616
0.76664,0.91833,0.84616
0.7896,0.896,0.84616
0.81256,0.86473,0.84616
0.83552,0.82453,0.84616
0.85847,0.77539,0.84616
0.88143,0.71732,0.84616
0.90439,0.65031,0.84616
0.92735,0.57437,0.84616
0.95031,0.48949,0.84616
0.97327,0.39569,0.84616
0.99623,0.29294,0.84616
0.10765,0.0,0.8718
0.13033,0.13279,0.8718
0.15301,0.2588,0.8718
0.17569,0.37713,0.8718
0.19837,0.48685,0.8718
0.22105,0.58708,0.8718
0.24373,0.67689,0.8718
0.26642,0.75538,0.8718
0.2891,0.82164,0.8718
0.31178,0.87476,0.8718
0.33446,0.91383,0.8718
0.35714,0.93793,0.8718
0.37982,0.94617,0.8718
0.40302,0.94617,0.8718
0.42622,0.94617,0.8718
0.44942,0.94617,0.8718
0.47262,0.94617,0.8718
0.49582,0.94617,0.8718
0.51902,0.94617,0.8718
0.54222,0.94617,0.8718
0.56542,0.94617,0.8718
0.58862,0.94617,0.8718
0.61182,0.94617,0.8718
0.63502,0.94617,0.8718
0.65822,0.94617,0.8718
0.68142,0.94617,0.8718
0.70462,0.94617,0.8718
0.72782,0.94617,0.8718
0.75014,0.9417,0.8718
0.77247,0.92827,0.8718
0.79479,0.9059,0.8718
0.81711,0.87458,0.8718
0.83943,0.83431,0.8718
0.86176,0.7851,0.8718
0.88408,0.72693,0.8718
0.9064,0.65981,0.8718
0.92872,0.58374,0.8718
0.95105,0.49873,0.8718
0.97337,0.40477,0.8718
0.99569,0.30186,0.8718
0.12154,0.0,0.89744
0.14353,0.11889,0.89744
0.16553,0.23624,0.89744
0.18753,0.35037,0.89744
0.20953,0.45962,0.89744
0.23153,0.56229,0.89744
0.25353,0.65671,0.89744
0.27553,0.74122,0.89744
0.29753,0.81412,0.89744
0.31952,0.87373,0.89744
0.34152,0.9184,0.89744
0.36352,0.94642,0.89744
0.38552,0.95614,0.89744
0.40737,0.95614,0.89744
0.42923,0.95614,0.89744
0.45108,0.95614,0.89744
0.47293,0.95614,0.89744
0.49478,0.95614,0.89744
0.51664,0.95614,0.89744
0.53849,0.95614,0.89744
0.56034,0.95614,0.89744
0.5822,0.95614,0.89744
0.60405,0.95614,0.89744
0.6259,0.95614,0.89744
0.64775,0.95614,0.89744
0.66961,0.95614,0.89744
0.69146,0.95614,0.89744
0.71331,0.95614,0.89744
0.73517,0.95614,0.89744
0.7588,0.95071,0.89744
0.78244,0.93444,0.89744
0.80607,0.90731,0.89744
0.82971,0.86933,0.89744
0.85334,0.82051,0.89744
0.87698,0.76083,0.89744
0.90061,0.6903,0.89744
0.92425,0.60892,0.89744
0.94788,0.51669,0.89744
0.97152,0.41361,0.89744
0.99515,0.29968,0.89744
0.13627,0.0,0.92308
0.15948,0.11562,0.92308
0.1827,0.23506,0.92308
0.20591,0.35518,0.92308
0.22913,0.47286,0.92308
0.25235,0.58499,0.92308
0.27556,0.68843,0.92308
0.29878,0.78006,0.92308
0.32199,0.85677,0.92308
0.34521,0.91543,0.92308
0.36843,0.95292,0.92308
0.39164,0.96611,0.92308
0.4123,0.96611,0.92308
0.43295,0.96611,0.92308
0.4536,0.96611,0.92308
0.47426,0.96611,0.92308
0.49491,0.96611,0.92308
0.51556,0.96611,0.92308
0.53622,0.96611,0.92308
0.55687,0.96611,0.92308
0.57752,0.96611,0.92308
0.59818,0.96611,0.92308
0.61883,0.96611,0.92308
0.63949,0.96611,0.92308
0.66014,0.96611,0.92308
0.68079,0.96611,0.92308
0.70145,0.96611,0.92308
0.7221,0.96611,0.92308
0.74275,0.96611,0.92308
0.76565,0.96054,0.92308
0.78855,0.94384,0.92308
0.81144,0.91601,0.92308
0.83434,0.87704,0.92308
0.85723,0.82694,0.92308
0.88013,0.76571,0.92308
0.90303,0.69334,0.92308
0.92592,0.60984,0.92308
0.94882,0.51521,0.92308
0.97172,0.40944,0.92308
0.99461,0.29254,0.92308
0.15184,0.0,0.94872
0.17423,0.10247,0.94872
0.19663,0.21423,0.94872
0.21902,0.33128,0.94872
0.24142,0.44961,0.94872
0.26381,0.56519,0.94872
0.28621,0.674,0.94872
0.30861,0.77203,0.94872
0.331,0.85528,0.94872
0.3534,0.91971,0.94872
0.37579,0.96131,0.94872
0.39819,0.97607,0.94872
0.41892,0.97607,0.94872
0.43964,0.97607,0.94872
0.46037,0.97607,0.94872
0.4811,0.97607,0.94872
0.50183,0.97607,0.94872
0.52256,0.97607,0.94872
0.54329,0.97607,0.94872
0.56402,0.97607,0.94872
0.58475,0.97607,0.94872
0.60548,0.97607,0.94872
0.62621,0.97607,0.94872
0.64694,0.97607,0.94872
0.66767,0.97607,0.94872
0.6884,0.97607,0.94872
0.70912,0.97607,0.94872
0.72985,0.97607,0.94872
0.75058,0.97607,0.94872
0.77272,0.97036,0.94872
0.79485,0.95324,0.94872
0.81699,0.9247,0.94872
0.83913,0.88475,0.94872
0.86126,0.83337,0.94872
0.8834,0.77059,0.94872
0.90553,0.69638,0.94872
0.92767,0.61076,0.94872
0.9498,0.51372,0.94872
0.97194,0.40527,0.94872
0.99408,0.28541,0.94872
0.16825,0.0,0.97436
0.18979,0.09014,0.97436
0.21133,0.19477,0.97436
0.23286,0.30901,0.97436
0.2544,0.428,0.97436
0.27593,0.5469,0.97436
0.29747,0.66083,0.97436
0.31901,0.76495,0.97436
0.34054,0.85439,0.97436
0.36208,0.92429,0.97436
0.38362,0.9698,0.97436
0.40515,0.98604,0.97436
0.42595,0.98604,0.97436
0.44674,0.98604,0.97436
0.46754,0.98604,0.97436
0.48833,0.98604,0.97436
0.50912,0.98604,0.97436
0.52992,0.98604,0.97436
0.55071,0.98604,0.97436
0.57151,0.98604,0.97436
0.5923,0.98604,0.97436
0.6131,0.98604,0.97436
0.63389,0.98604,0.97436
0.65469,0.98604,0.97436
0.67548,0.98604,0.97436
0.69627,0.98604,0.97436
0.71707,0.98604,0.97436
0.73786,0.98604,0.97436
0.75866,0.98604,0.97436
0.78001,0.98019,0.97436
0.80136,0.96265,0.97436
0.82272,0.9334,0.97436
0.84407,0.89245,0.97436
0.86542,0.83981,0.97436
0.88677,0.77547,0.97436
0.90813,0.69942,0.97436
0.92948,0.61168,0.97436
0.95083,0.51224,0.97436
0.97218,0.40111,0.97436
0.99354,0.27827,0.97436
0.18551,0.0,1.0
0.20615,0.07866,1.0
0.22679,0.17664,1.0
0.24743,0.28832,1.0
0.26807,0.40802,1.0
0.28871,0.5301,1.0
0.30935,0.64891,1.0
0.32999,0.75879,1.0
0.35062,0.8541,1.0
0.37126,0.92917,1.0
0.3919,0.97836,1.0
0.41254,0.99601,1.0
0.43339,0.99601,1.0
0.45424,0.99601,1.0
0.47509,0.99601,1.0
0.49594,0.99601,1.0
0.51679,0.99601,1.0
0.53764,0.99601,1.0
0.55849,0.99601,1.0
0.57933,0.99601,1.0
0.60018,0.99601,1.0
0.62103,0.99601,1.0
0.64188,0.99601,1.0
0.66273,0.99601,1.0
0.68358,0.99601,1.0
0.70443,0.99601,1.0
0.72528,0.99601,1.0
0.74612,0.99601,1.0
0.76697,0.99601,1.0
0.78752,0.99002,1.0
0.80807,0.97204,1.0
0.82862,0.94209,1.0
0.84916,0.90016,1.0
0.86971,0.84624,1.0
0.89026,0.78034,1.0
0.91081,0.70247,1.0
0.93135,0.6126,1.0
0.9519,0.51077,1.0
0.97245,0.39694,1.0
0.993,0.27114,1.0
