0.12596,0.0,0.0
0.14453,0.0,0.0
0.16309,0.0,0.0
0.18166,0.0,0.0
0.20023,0.0,0.0
0.2188,0.0,0.0
0.23737,0.0,0.0
0.25594,0.0,0.0
0.27451,0.0,0.0
0.29308,0.0,0.0
0.31165,0.0,0.0
0.33022,0.0,0.0
0.34879,0.0,0.0
0.36736,0.0,0.0
0.38593,0.0,0.0
0.4045,0.0,0.0
0.42307,0.0,0.0
0.44164,0.0,0.0
0.46021,0.0,0.0
0.47878,0.0,0.0
0.49735,0.0,0.0
0.51592,0.0,0.0
0.53449,0.0,0.0
0.55306,0.0,0.0
0.57163,0.0,0.0
0.59019,0.0,0.0
0.60876,0.0,0.0
0.62733,0.0,0.0
0.6459,0.0,0.0
0.66447,0.0,0.0
0.68304,0.0,0.0
0.70161,0.0,0.0
0.72018,0.0,0.0
0.73875,0.0,0.0
0.75732,0.0,0.0
0.77589,0.0,0.0
0.79446,0.0,0.0
0.81303,0.0,0.0
0.8316,0.0,0.0
0.85017,0.0,0.0
0.09996,0.0,0.02564
0.1226,0.18907,0.02564
0.14525,0.21282,0.02564
0.1679,0.14209,0.02564
0.19055,0.04771,0.02564
0.21319,0.0005,0.02564
0.23169,0.0005,0.02564
0.25018,0.0005,0.02564
0.26867,0.0005,0.02564
0.28717,0.0005,0.02564
0.30566,0.0005,0.02564
0.32416,0.0005,0.02564
0.34265,0.0005,0.02564
0.36114,0.0005,0.02564
0.37964,0.0005,0.02564
0.39813,0.0005,0.02564
0.41663,0.0005,0.02564
0.43667,0.0005,0.02564
0.45671,0.0005,0.02564
0.47676,0.0005,0.02564
0.4968,0.00048,0.02564
0.51685,0.00048,0.02564
0.53689,0.00046,0.02564
0.55694,0.00046,0.02564
0.57698,0.00043,0.02564
0.59702,0.00043,0.02564
0.61707,0.00041,0.02564
0.63711,0.00039,0.02564
0.65716,0.00036,0.02564
0.6772,0.00034,0.02564
0.69724,0.00032,0.02564
0.71729,0.0003,0.02564
0.73733,0.00025,0.02564
0.75738,0.00023,0.02564
0.77742,0.0002,0.02564
0.79746,0.00016,0.02564
0.81751,0.00011,0.02564
0.83755,9e-05,0.02564
0.8576,5e-05,0.02564
0.87764,0.0,0.02564
0.08919,0.0,0.05127
0.11305,0.1807,0.05127
0.13692,0.20377,0.05127
0.16078,0.13667,0.05127
0.18465,0.04691,0.05127
0.20852,0.002,0.05127
0.22845,0.002,0.05127
0.24838,0.002,0.05127
0.26832,0.002,0.05127
0.28825,0.002,0.05127
0.30819,0.002,0.05127
0.32812,0.002,0.05127
0.34806,0.002,0.05127
0.36799,0.002,0.05127
0.38793,0.002,0.05127
0.40786,0.002,0.05127
0.42791,0.002,0.05127
0.44796,0.00198,0.05127
0.46801,0.00198,0.05127
0.48805,0.00196,0.05127
0.5081,0.00191,0.05127
0.52815,0.00187,0.05127
0.5482,0.00182,0.05127
0.56825,0.00177,0.05127
0.5883,0.00173,0.05127
0.60834,0.00166,0.05127
0.62839,0.00157,0.05127
0.64844,0.0015,0.05127
0.66849,0.00141,0.05127
0.68854,0.00132,0.05127
0.70859,0.00123,0.05127
0.72863,0.00111,0.05127
0.74868,0.001,0.05127
0.76873,0.00086,0.05127
0.78878,0.00075,0.05127
0.80883,0.00061,0.05127
0.82887,0.00048,0.05127
0.84892,0.00032,0.05127
0.86897,0.00016,0.05127
0.88902,0.0,0.05127
0.08092,0.0,0.07693
0.10144,0.15303,0.07693
0.12197,0.1966,0.07693
0.14249,0.16716,0.07693
0.16301,0.10106,0.07693
0.18353,0.03472,0.07693
0.20405,0.0045,0.07693
0.22579,0.0045,0.07693
0.24753,0.0045,0.07693
0.26927,0.0045,0.07693
0.29101,0.0045,0.07693
0.31275,0.0045,0.07693
0.33449,0.0045,0.07693
0.35623,0.0045,0.07693
0.37798,0.0045,0.07693
0.39972,0.0045,0.07693
0.42047,0.0045,0.07693
0.44122,0.00448,0.07693
0.46197,0.00444,0.07693
0.48272,0.00439,0.07693
0.50347,0.00432,0.07693
0.52422,0.00423,0.07693
0.54498,0.00412,0.07693
0.56573,0.004,0.07693
0.58648,0.00387,0.07693
0.60723,0.00373,0.07693
0.62798,0.00357,0.07693
0.64873,0.00339,0.07693
0.66948,0.00319,0.07693
0.69024,0.00298,0.07693
0.71099,0.00275,0.07693
0.73174,0.0025,0.07693
0.75249,0.00225,0.07693
0.77324,0.00198,0.07693
0.79399,0.00168,0.07693
0.81475,0.00139,0.07693
0.8355,0.00105,0.07693
0.85625,0.00073,0.07693
0.877,0.00036,0.07693
0.89775,0.0,0.07693
0.07396,0.0,0.10257
0.09493,0.14213,0.10257
0.1159,0.18325,0.10257
0.13688,0.15688,0.10257
0.15785,0.09654,0.10257
0.17882,0.03574,0.10257
0.1998,0.00803,0.10257
0.22118,0.00803,0.10257
0.24255,0.00803,0.10257
0.26393,0.00803,0.10257
0.28531,0.00803,0.10257
0.30668,0.00803,0.10257
0.32806,0.00803,0.10257
0.34944,0.00803,0.10257
0.37082,0.00803,0.10257
0.39219,0.00803,0.10257
0.41356,0.00803,0.10257
0.43494,0.00799,0.10257
0.45631,0.00792,0.10257
0.47768,0.0078,0.10257
0.49905,0.00769,0.10257
0.52042,0.00753,0.10257
0.54179,0.00735,0.10257
0.56317,0.00714,0.10257
0.58454,0.00692,0.10257
0.60591,0.00664,0.10257
0.62728,0.00635,0.10257
0.64865,0.00603,0.10257
0.67002,0.00569,0.10257
0.6914,0.0053,0.10257
0.71277,0.00489,0.10257
0.73414,0.00446,0.10257
0.75551,0.004,0.10257
0.77688,0.00353,0.10257
0.79825,0.003,0.10257
0.81963,0.00246,0.10257
0.841,0.00189,0.10257
0.86237,0.00127,0.10257
0.88374,0.00066,0.10257
0.90511,0.0,0.10257
0.06782,0.0,0.1282
0.08914,0.13148,0.1282
0.11046,0.17037,0.1282
0.13179,0.1473,0.1282
0.15311,0.09287,0.1282
0.17443,0.03777,0.1282
0.19576,0.01258,0.1282
0.21682,0.01258,0.1282
0.23788,0.01258,0.1282
0.25894,0.01258,0.1282
0.27999,0.01258,0.1282
0.30105,0.01258,0.1282
0.32211,0.01258,0.1282
0.34317,0.01258,0.1282
0.36423,0.01258,0.1282
0.38529,0.01258,0.1282
0.40722,0.01256,0.1282
0.42915,0.01251,0.1282
0.45108,0.0124,0.1282
0.47301,0.01224,0.1282
0.49494,0.01204,0.1282
0.51687,0.01181,0.1282
0.5388,0.01151,0.1282
0.56073,0.01119,0.1282
0.58266,0.01083,0.1282
0.60458,0.0104,0.1282
0.62651,0.00994,0.1282
0.64844,0.00944,0.1282
0.67037,0.0089,0.1282
0.6923,0.0083,0.1282
0.71423,0.00767,0.1282
0.73616,0.00698,0.1282
0.75809,0.00628,0.1282
0.78002,0.00551,0.1282
0.80195,0.00471,0.1282
0.82388,0.00385,0.1282
0.84581,0.00296,0.1282
0.86774,0.002,0.1282
0.88967,0.00102,0.1282
0.9116,0.0,0.1282
0.06227,0.0,0.15384
0.08388,0.12145,0.15384
0.10549,0.15845,0.15384
0.1271,0.13879,0.15384
0.14871,0.09033,0.15384
0.17032,0.04086,0.15384
0.19193,0.0182,0.15384
0.21531,0.0182,0.15384
0.2387,0.0182,0.15384
0.26208,0.0182,0.15384
0.28547,0.0182,0.15384
0.30885,0.0182,0.15384
0.33224,0.0182,0.15384
0.35562,0.0182,0.15384
0.37901,0.0182,0.15384
0.40055,0.01816,0.15384
0.42209,0.01807,0.15384
0.44362,0.01793,0.15384
0.46516,0.01772,0.15384
0.4867,0.01747,0.15384
0.50824,0.01716,0.15384
0.52978,0.01677,0.15384
0.55131,0.01634,0.15384
0.57285,0.01584,0.15384
0.59439,0.01529,0.15384
0.61593,0.01468,0.15384
0.63747,0.01399,0.15384
0.659,0.01326,0.15384
0.68054,0.01249,0.15384
0.70208,0.01165,0.15384
0.72362,0.01074,0.15384
0.74516,0.00978,0.15384
0.76669,0.00876,0.15384
0.78823,0.00769,0.15384
0.80977,0.00655,0.15384
0.83131,0.00535,0.15384
0.85285,0.0041,0.15384
0.87438,0.0028,0.15384
0.89592,0.00143,0.15384
0.91746,0.0,0.15384
0.05717,0.0,0.17949
0.07902,0.11217,0.17949
0.10088,0.14766,0.17949
0.12274,0.1316,0.17949
0.1446,0.08903,0.17949
0.16645,0.04509,0.17949
0.18831,0.02487,0.17949
0.21144,0.02487,0.17949
0.23457,0.02487,0.17949
0.2577,0.02487,0.17949
0.28083,0.02487,0.17949
0.30396,0.02487,0.17949
0.32709,0.02487,0.17949
0.35022,0.02487,0.17949
0.37335,0.02487,0.17949
0.39533,0.02482,0.17949
0.41731,0.02471,0.17949
0.43929,0.0245,0.17949
0.46127,0.02423,0.17949
0.48325,0.02387,0.17949
0.50523,0.02343,0.17949
0.52721,0.02291,0.17949
0.54919,0.02232,0.17949
0.57117,0.02164,0.17949
0.59315,0.02089,0.17949
0.61513,0.02004,0.17949
0.63711,0.01913,0.17949
0.65909,0.01813,0.17949
0.68107,0.01706,0.17949
0.70305,0.0159,0.17949
0.72503,0.01468,0.17949
0.74701,0.01336,0.17949
0.76899,0.01197,0.17949
0.79097,0.01051,0.17949
0.81295,0.00894,0.17949
0.83493,0.00733,0.17949
0.85691,0.00562,0.17949
0.87889,0.00382,0.17949
0.90087,0.00196,0.17949
0.92285,0.0,0.17949
0.05242,0.0,0.20513
0.0745,0.10377,0.20513
0.09658,0.1382,0.20513
0.11866,0.12577,0.20513
0.14074,0.08903,0.20513
0.16282,0.05049,0.20513
0.18491,0.03263,0.20513
0.20783,0.03263,0.20513
0.23076,0.03263,0.20513
0.25368,0.03263,0.20513
0.27661,0.03263,0.20513
0.29953,0.03263,0.20513
0.32246,0.03263,0.20513
0.34539,0.03263,0.20513
0.36831,0.03263,0.20513
0.3907,0.03258,0.20513
0.41308,0.03242,0.20513
0.43546,0.03215,0.20513
0.45784,0.03178,0.20513
0.48022,0.03133,0.20513
0.50261,0.03074,0.20513
0.52499,0.03008,0.20513
0.54737,0.02928,0.20513
0.56975,0.02839,0.20513
0.59214,0.02742,0.20513
0.61452,0.0263,0.20513
0.6369,0.02512,0.20513
0.65928,0.0238,0.20513
0.68167,0.02239,0.20513
0.70405,0.02089,0.20513
0.72643,0.01927,0.20513
0.74881,0.01754,0.20513
0.77119,0.01572,0.20513
0.79358,0.01379,0.20513
0.81596,0.01174,0.20513
0.83834,0.0096,0.20513
0.86072,0.00737,0.20513
0.88311,0.00501,0.20513
0.90549,0.00255,0.20513
0.92787,0.0,0.20513
0.04795,0.0,0.23077
0.07025,0.09629,0.23077
0.09254,0.13007,0.23077
0.11483,0.12143,0.23077
0.13713,0.09042,0.23077
0.15942,0.05709,0.23077
0.18171,0.04152,0.23077
0.20448,0.04152,0.23077
0.22726,0.04152,0.23077
0.25003,0.04152,0.23077
0.2728,0.04152,0.23077
0.29558,0.04152,0.23077
0.31835,0.04152,0.23077
0.34112,0.04152,0.23077
0.3639,0.04152,0.23077
0.38664,0.04145,0.23077
0.40939,0.04125,0.23077
0.43214,0.04093,0.23077
0.45489,0.04045,0.23077
0.47763,0.03986,0.23077
0.50038,0.03913,0.23077
0.52313,0.03827,0.23077
0.54588,0.03727,0.23077
0.56862,0.03613,0.23077
0.59137,0.03488,0.23077
0.61412,0.03349,0.23077
0.63687,0.03194,0.23077
0.65961,0.03028,0.23077
0.68236,0.02851,0.23077
0.70511,0.02657,0.23077
0.72786,0.0245,0.23077
0.7506,0.02232,0.23077
0.77335,0.02,0.23077
0.7961,0.01754,0.23077
0.81885,0.01495,0.23077
0.84159,0.01222,0.23077
0.86434,0.00937,0.23077
0.88709,0.00637,0.23077
0.90984,0.00325,0.23077
0.93258,0.0,0.23077
0.04373,0.0,0.2564
0.06623,0.08976,0.2564
0.08873,0.12336,0.2564
0.11123,0.11861,0.2564
0.13373,0.09319,0.2564
0.15623,0.06493,0.2564
0.17873,0.05158,0.2564
0.2014,0.05158,0.2564
0.22407,0.05158,0.2564
0.24674,0.05158,0.2564
0.26942,0.05158,0.2564
0.29209,0.05158,0.2564
0.31476,0.05158,0.2564
0.33743,0.05158,0.2564
0.3601,0.05158,0.2564
0.38318,0.05149,0.2564
0.40626,0.05124,0.2564
0.42933,0.05083,0.2564
0.45241,0.05026,0.2564
0.47549,0.04951,0.2564
0.49857,0.0486,0.2564
0.52164,0.04753,0.2564
0.54472,0.0463,0.2564
0.5678,0.04489,0.2564
0.59088,0.04332,0.2564
0.61396,0.04159,0.2564
0.63703,0.0397,0.2564
0.66011,0.03763,0.2564
0.68319,0.0354,0.2564
0.70627,0.03301,0.2564
0.72934,0.03044,0.2564
0.75242,0.02773,0.2564
0.7755,0.02485,0.2564
0.79858,0.0218,0.2564
0.82165,0.01857,0.2564
0.84473,0.01518,0.2564
0.86781,0.01163,0.2564
0.89089,0.00792,0.2564
0.91396,0.00405,0.2564
0.93704,0.0,0.2564
0.03972,0.0,0.28206
0.06243,0.08418,0.28206
0.08513,0.11808,0.28206
0.10784,0.11731,0.28206
0.13055,0.09745,0.28206
0.15325,0.0741,0.28206
0.17596,0.06284,0.28206
0.19858,0.06284,0.28206
0.2212,0.06284,0.28206
0.24382,0.06284,0.28206
0.26644,0.06284,0.28206
0.28906,0.06284,0.28206
0.31168,0.06284,0.28206
0.33431,0.06284,0.28206
0.35693,0.06284,0.28206
0.3803,0.06275,0.28206
0.40368,0.06245,0.28206
0.42705,0.06195,0.28206
0.45042,0.06125,0.28206
0.4738,0.06034,0.28206
0.49717,0.05922,0.28206
0.52055,0.05793,0.28206
0.54392,0.0564,0.28206
0.56729,0.0547,0.28206
0.59067,0.05278,0.28206
0.61404,0.05069,0.28206
0.63742,0.04837,0.28206
0.66079,0.04585,0.28206
0.68417,0.04314,0.28206
0.70754,0.04023,0.28206
0.73092,0.03711,0.28206
0.75429,0.03379,0.28206
0.77766,0.03026,0.28206
0.80104,0.02655,0.28206
0.82441,0.02262,0.28206
0.84779,0.0185,0.28206
0.87116,0.01417,0.28206
0.89453,0.00965,0.28206
0.91791,0.00494,0.28206
0.94128,0.0,0.28206
0.03589,0.0,0.3077
0.05881,0.07959,0.3077
0.08173,0.11426,0.3077
0.10464,0.11761,0.3077
0.12756,0.1032,0.3077
0.15048,0.08459,0.3077
0.1734,0.07538,0.3077
0.19602,0.07538,0.3077
0.21864,0.07538,0.3077
0.24127,0.07538,0.3077
0.26389,0.07538,0.3077
0.28651,0.07538,0.3077
0.30913,0.07538,0.3077
0.33175,0.07538,0.3077
0.35437,0.07538,0.3077
0.37801,0.07526,0.3077
0.40165,0.0749,0.3077
0.42529,0.07431,0.3077
0.44893,0.07344,0.3077
0.47257,0.07237,0.3077
0.4962,0.07103,0.3077
0.51984,0.06946,0.3077
0.54348,0.06766,0.3077
0.56712,0.06562,0.3077
0.59076,0.06332,0.3077
0.6144,0.06079,0.3077
0.63804,0.05802,0.3077
0.66167,0.05499,0.3077
0.68531,0.05174,0.3077
0.70895,0.04823,0.3077
0.73259,0.0445,0.3077
0.75623,0.04052,0.3077
0.77987,0.03631,0.3077
0.8035,0.03185,0.3077
0.82714,0.02714,0.3077
0.85078,0.02218,0.3077
0.87442,0.017,0.3077
0.89806,0.01158,0.3077
0.9217,0.00592,0.3077
0.94533,0.0,0.3077
0.03221,0.0,0.33333
0.05535,0.07599,0.33333
0.07849,0.11194,0.33333
0.10163,0.11954,0.33333
0.12477,0.11051,0.33333
0.14791,0.09651,0.33333
0.17105,0.08926,0.33333
0.19697,0.08926,0.33333
0.22288,0.08926,0.33333
0.24879,0.08926,0.33333
0.27471,0.08926,0.33333
0.30062,0.08926,0.33333
0.32653,0.08926,0.33333
0.35244,0.08926,0.33333
0.3754,0.08912,0.33333
0.39835,0.08871,0.33333
0.4213,0.08805,0.33333
0.44425,0.08714,0.33333
0.46721,0.08596,0.33333
0.49016,0.0845,0.33333
0.51311,0.08277,0.33333
0.53607,0.08079,0.33333
0.55902,0.07856,0.33333
0.58197,0.07604,0.33333
0.60493,0.07326,0.33333
0.62788,0.07024,0.33333
0.65083,0.06694,0.33333
0.67378,0.06336,0.33333
0.69674,0.05954,0.33333
0.71969,0.05545,0.33333
0.74264,0.0511,0.33333
0.7656,0.04648,0.33333
0.78855,0.04159,0.33333
0.8115,0.03645,0.33333
0.83446,0.03103,0.33333
0.85741,0.02535,0.33333
0.88036,0.01941,0.33333
0.90331,0.0132,0.33333
0.92627,0.00673,0.33333
0.94922,0.0,0.33333
0.02867,0.0,0.35897
0.05205,0.0734,0.35897
0.07542,0.11114,0.35897
0.09879,0.12316,0.35897
0.12217,0.11945,0.35897
0.14554,0.10992,0.35897
0.16892,0.10452,0.35897
0.19495,0.10452,0.35897
0.22098,0.10452,0.35897
0.24701,0.10452,0.35897
0.27304,0.10452,0.35897
0.29907,0.10452,0.35897
0.3251,0.10452,0.35897
0.35113,0.10452,0.35897
0.37428,0.10436,0.35897
0.39743,0.10391,0.35897
0.42057,0.10314,0.35897
0.44372,0.10204,0.35897
0.46687,0.10066,0.35897
0.49002,0.09895,0.35897
0.51316,0.09695,0.35897
0.53631,0.09463,0.35897
0.55946,0.09199,0.35897
0.58261,0.08905,0.35897
0.60575,0.0858,0.35897
0.6289,0.08225,0.35897
0.65205,0.07838,0.35897
0.67519,0.07422,0.35897
0.69834,0.06974,0.35897
0.72149,0.06493,0.35897
0.74463,0.05984,0.35897
0.76778,0.05442,0.35897
0.79093,0.04871,0.35897
0.81408,0.04268,0.35897
0.83722,0.03634,0.35897
0.86037,0.02969,0.35897
0.88352,0.02273,0.35897
0.90666,0.01547,0.35897
0.92981,0.00789,0.35897
0.95296,0.0,0.35897
0.02526,0.0,0.38461
0.04888,0.07185,0.38461
0.0725,0.11189,0.38461
0.09613,0.12853,0.38461
0.11975,0.13007,0.38461
0.14337,0.12486,0.38461
0.167,0.12129,0.38461
0.1932,0.12129,0.38461
0.21941,0.12129,0.38461
0.24562,0.12129,0.38461
0.27182,0.12129,0.38461
0.29803,0.12129,0.38461
0.32424,0.12129,0.38461
0.35045,0.12129,0.38461
0.37376,0.12111,0.38461
0.39707,0.12056,0.38461
0.42038,0.11968,0.38461
0.44369,0.1184,0.38461
0.46701,0.11679,0.38461
0.49032,0.11483,0.38461
0.51363,0.11249,0.38461
0.53694,0.1098,0.38461
0.56026,0.10675,0.38461
0.58357,0.10334,0.38461
0.60688,0.09956,0.38461
0.63019,0.09545,0.38461
0.65351,0.09096,0.38461
0.67682,0.08612,0.38461
0.70013,0.08091,0.38461
0.72344,0.07535,0.38461
0.74676,0.06944,0.38461
0.77007,0.06316,0.38461
0.79338,0.05652,0.38461
0.81669,0.04951,0.38461
0.84001,0.04216,0.38461
0.86332,0.03445,0.38461
0.88663,0.02637,0.38461
0.90994,0.01795,0.38461
0.93325,0.00915,0.38461
0.95657,0.0,0.38461
0.02425,0.0,0.41026
0.04776,0.07037,0.41026
0.07126,0.11303,0.41026
0.09477,0.13465,0.41026
0.11827,0.14186,0.41026
0.14178,0.14131,0.41026
0.16528,0.13965,0.41026
0.19173,0.13965,0.41026
0.21817,0.13965,0.41026
0.24461,0.13965,0.41026
0.27105,0.13965,0.41026
0.29749,0.13965,0.41026
0.32394,0.13965,0.41026
0.35038,0.13965,0.41026
0.37383,0.13945,0.41026
0.39728,0.13883,0.41026
0.42072,0.13779,0.41026
0.44417,0.13635,0.41026
0.46762,0.13449,0.41026
0.49107,0.13221,0.41026
0.51452,0.12953,0.41026
0.53797,0.12643,0.41026
0.56142,0.12291,0.41026
0.58487,0.11899,0.41026
0.60832,0.11465,0.41026
0.63177,0.10989,0.41026
0.65522,0.10473,0.41026
0.67867,0.09915,0.41026
0.70212,0.09317,0.41026
0.72556,0.08675,0.41026
0.74901,0.07995,0.41026
0.77246,0.07272,0.41026
0.79591,0.06507,0.41026
0.81936,0.05702,0.41026
0.84281,0.04855,0.41026
0.86626,0.03966,0.41026
0.88971,0.03037,0.41026
0.91316,0.02066,0.41026
0.93661,0.01053,0.41026
0.96006,0.0,0.41026
0.02368,0.0,0.4359
0.0517,0.08084,0.4359
0.07972,0.12848,0.4359
0.10774,0.15169,0.4359
0.13576,0.1592,0.4359
0.16379,0.15974,0.4359
0.18718,0.15974,0.4359
0.21057,0.15974,0.4359
0.23396,0.15974,0.4359
0.25736,0.15974,0.4359
0.28075,0.15974,0.4359
0.30414,0.15974,0.4359
0.32754,0.15974,0.4359
0.35093,0.15974,0.4359
0.37449,0.15951,0.4359
0.39805,0.15881,0.4359
0.42161,0.15763,0.4359
0.44516,0.15597,0.4359
0.46872,0.15385,0.4359
0.49228,0.15123,0.4359
0.51584,0.14816,0.4359
0.53939,0.14464,0.4359
0.56295,0.14061,0.4359
0.58651,0.13613,0.4359
0.61007,0.13117,0.4359
0.63363,0.12573,0.4359
0.65719,0.11981,0.4359
0.68074,0.11344,0.4359
0.7043,0.10657,0.4359
0.72786,0.09924,0.4359
0.75142,0.09146,0.4359
0.77497,0.08318,0.4359
0.79853,0.07444,0.4359
0.82209,0.06523,0.4359
0.84565,0.05554,0.4359
0.86921,0.04537,0.4359
0.89276,0.03474,0.4359
0.91632,0.02364,0.4359
0.93988,0.01206,0.4359
0.96344,0.0,0.4359
0.02306,0.0,0.46154
0.05095,0.08214,0.46154
0.07884,0.1351,0.46154
0.10672,0.1652,0.46154
0.13461,0.17865,0.46154
0.1625,0.18174,0.46154
0.1862,0.18174,0.46154
0.2099,0.18174,0.46154
0.2336,0.18174,0.46154
0.2573,0.18174,0.46154
0.281,0.18174,0.46154
0.3047,0.18174,0.46154
0.32841,0.18174,0.46154
0.35211,0.18174,0.46154
0.37575,0.18147,0.46154
0.39938,0.18067,0.46154
0.42302,0.17933,0.46154
0.44666,0.17744,0.46154
0.4703,0.17503,0.46154
0.49394,0.17207,0.46154
0.51758,0.16857,0.46154
0.54122,0.16454,0.46154
0.56486,0.15997,0.46154
0.5885,0.15485,0.46154
0.61214,0.14921,0.46154
0.63578,0.14304,0.46154
0.65941,0.13631,0.46154
0.68305,0.12905,0.46154
0.70669,0.12125,0.46154
0.73033,0.11292,0.46154
0.75397,0.10405,0.46154
0.77761,0.09465,0.46154
0.80125,0.08468,0.46154
0.82489,0.07419,0.46154
0.84853,0.06318,0.46154
0.87217,0.05162,0.46154
0.89581,0.03952,0.46154
0.91944,0.02689,0.46154
0.94308,0.01372,0.46154
0.96672,0.0,0.46154
0.0224,0.0,0.48717
0.0502,0.0848,0.48717
0.07801,0.14377,0.48717
0.10581,0.18092,0.48717
0.13362,0.20029,0.48717
0.16142,0.20584,0.48717
0.18548,0.20584,0.48717
0.20954,0.20584,0.48717
0.2336,0.20584,0.48717
0.25766,0.20584,0.48717
0.28172,0.20584,0.48717
0.30578,0.20584,0.48717
0.32984,0.20584,0.48717
0.3539,0.20584,0.48717
0.3776,0.20554,0.48717
0.40129,0.20461,0.48717
0.42498,0.20311,0.48717
0.44867,0.20097,0.48717
0.47237,0.19822,0.48717
0.49606,0.19487,0.48717
0.51975,0.19091,0.48717
0.54345,0.18634,0.48717
0.56714,0.18117,0.48717
0.59083,0.1754,0.48717
0.61452,0.169,0.48717
0.63822,0.16199,0.48717
0.66191,0.15437,0.48717
0.6856,0.14616,0.48717
0.7093,0.13733,0.48717
0.73299,0.12789,0.48717
0.75668,0.11783,0.48717
0.78037,0.10719,0.48717
0.80407,0.09592,0.48717
0.82776,0.08405,0.48717
0.85145,0.07156,0.48717
0.87515,0.05847,0.48717
0.89884,0.04475,0.48717
0.92253,0.03044,0.48717
0.94622,0.01554,0.48717
0.96992,0.0,0.48717
0.0217,0.0,0.51283
0.04947,0.08885,0.51283
0.07724,0.15455,0.51283
0.10501,0.19904,0.51283
0.13279,0.22429,0.51283
0.16056,0.23228,0.51283
0.18231,0.23228,0.51283
0.20406,0.23228,0.51283
0.22581,0.23228,0.51283
0.24756,0.23228,0.51283
0.26932,0.23228,0.51283
0.29107,0.23228,0.51283
0.31282,0.23228,0.51283
0.33457,0.23228,0.51283
0.35632,0.23228,0.51283
0.38099,0.23191,0.51283
0.40566,0.2308,0.51283
0.43033,0.22893,0.51283
0.45499,0.22634,0.51283
0.47966,0.22299,0.51283
0.50433,0.2189,0.51283
0.529,0.21407,0.51283
0.55367,0.2085,0.51283
0.57834,0.20218,0.51283
0.603,0.1951,0.51283
0.62767,0.1873,0.51283
0.65234,0.17876,0.51283
0.67701,0.16946,0.51283
0.70168,0.15942,0.51283
0.72634,0.14866,0.51283
0.75101,0.13713,0.51283
0.77568,0.12486,0.51283
0.80035,0.11187,0.51283
0.82502,0.09811,0.51283
0.84969,0.08361,0.51283
0.87435,0.06839,0.51283
0.89902,0.0524,0.51283
0.92369,0.03568,0.51283
0.94836,0.0182,0.51283
0.97303,0.0,0.51283
0.02095,0.0,0.53846
0.04874,0.09435,0.53846
0.07653,0.16757,0.53846
0.10432,0.21974,0.53846
0.13211,0.25098,0.53846
0.15991,0.26138,0.53846
0.18207,0.26138,0.53846
0.20423,0.26138,0.53846
0.22639,0.26138,0.53846
0.24855,0.26138,0.53846
0.27071,0.26138,0.53846
0.29288,0.26138,0.53846
0.31504,0.26138,0.53846
0.3372,0.26138,0.53846
0.35936,0.26138,0.53846
0.38403,0.26097,0.53846
0.4087,0.25972,0.53846
0.43337,0.25762,0.53846
0.45803,0.25469,0.53846
0.4827,0.25093,0.53846
0.50737,0.24631,0.53846
0.53204,0.24088,0.53846
0.55671,0.23462,0.53846
0.58137,0.2275,0.53846
0.60604,0.21956,0.53846
0.63071,0.21078,0.53846
0.65538,0.20115,0.53846
0.68005,0.19071,0.53846
0.70471,0.1794,0.53846
0.72938,0.16727,0.53846
0.75405,0.15433,0.53846
0.77872,0.14052,0.53846
0.80338,0.12589,0.53846
0.82805,0.11042,0.53846
0.85272,0.0941,0.53846
0.87739,0.07695,0.53846
0.90206,0.05897,0.53846
0.92673,0.04016,0.53846
0.95139,0.0205,0.53846
0.97606,0.0,0.53846
0.02016,0.0,0.5641
0.04802,0.10134,0.5641
0.07588,0.183,0.5641
0.10374,0.24333,0.5641
0.1316,0.28076,0.5641
0.15947,0.29359,0.5641
0.18208,0.29359,0.5641
0.2047,0.29359,0.5641
0.22732,0.29359,0.5641
0.24993,0.29359,0.5641
0.27255,0.29359,0.5641
0.29517,0.29359,0.5641
0.31779,0.29359,0.5641
0.3404,0.29359,0.5641
0.36302,0.29359,0.5641
0.38766,0.29312,0.5641
0.4123,0.2917,0.5641
0.43694,0.28936,0.5641
0.46158,0.28606,0.5641
0.48622,0.28185,0.5641
0.51086,0.27667,0.5641
0.5355,0.27057,0.5641
0.56014,0.26351,0.5641
0.58478,0.25553,0.5641
0.60942,0.24661,0.5641
0.63406,0.23676,0.5641
0.6587,0.22595,0.5641
0.68334,0.21421,0.5641
0.70798,0.20152,0.5641
0.73262,0.18789,0.5641
0.75726,0.17333,0.5641
0.7819,0.15783,0.5641
0.80654,0.14138,0.5641
0.83118,0.12402,0.5641
0.85582,0.10568,0.5641
0.88046,0.08644,0.5641
0.9051,0.06623,0.5641
0.92974,0.04509,0.5641
0.95438,0.02303,0.5641
0.97902,0.0,0.5641
0.01932,0.0,0.58974
0.04731,0.10992,0.58974
0.07529,0.20108,0.58974
0.10327,0.27025,0.58974
0.13125,0.31414,0.58974
0.15924,0.3295,0.58974
0.18236,0.3295,0.58974
0.20547,0.3295,0.58974
0.22859,0.3295,0.58974
0.25171,0.3295,0.58974
0.27483,0.3295,0.58974
0.29795,0.3295,0.58974
0.32107,0.3295,0.58974
0.34419,0.3295,0.58974
0.3673,0.3295,0.58974
0.39189,0.32895,0.58974
0.41647,0.32738,0.58974
0.44106,0.32474,0.58974
0.46564,0.32105,0.58974
0.49023,0.3163,0.58974
0.51481,0.3105,0.58974
0.5394,0.30365,0.58974
0.56398,0.29575,0.58974
0.58857,0.28679,0.58974
0.61315,0.27678,0.58974
0.63773,0.2657,0.58974
0.66232,0.25357,0.58974
0.6869,0.2404,0.58974
0.71149,0.22616,0.58974
0.73607,0.21087,0.58974
0.76066,0.19453,0.58974
0.78524,0.17713,0.58974
0.80983,0.15867,0.58974
0.83441,0.13917,0.58974
0.859,0.11861,0.58974
0.88358,0.09699,0.58974
0.90817,0.07433,0.58974
0.93275,0.0506,0.58974
0.95734,0.02582,0.58974
0.98192,0.0,0.58974
0.01844,0.0,0.61539
0.0466,0.1202,0.61539
0.07475,0.22213,0.61539
0.10291,0.3009,0.61539
0.13106,0.3517,0.61539
0.15922,0.36972,0.61539
0.18289,0.36972,0.61539
0.20655,0.36972,0.61539
0.23022,0.36972,0.61539
0.25388,0.36972,0.61539
0.27755,0.36972,0.61539
0.30121,0.36972,0.61539
0.32488,0.36972,0.61539
0.34854,0.36972,0.61539
0.37221,0.36972,0.61539
0.39671,0.36913,0.61539
0.42121,0.36736,0.61539
0.44571,0.3644,0.61539
0.47022,0.36026,0.61539
0.49472,0.35493,0.61539
0.51922,0.34843,0.61539
0.54372,0.34074,0.61539
0.56822,0.33186,0.61539
0.59272,0.32181,0.61539
0.61723,0.31057,0.61539
0.64173,0.29814,0.61539
0.66623,0.28454,0.61539
0.69073,0.26975,0.61539
0.71523,0.25378,0.61539
0.73973,0.23662,0.61539
0.76424,0.21828,0.61539
0.78874,0.19876,0.61539
0.81324,0.17806,0.61539
0.83774,0.15617,0.61539
0.86224,0.1331,0.61539
0.88675,0.10885,0.61539
0.91125,0.08341,0.61539
0.93575,0.05679,0.61539
0.96025,0.02899,0.61539
0.98475,0.0,0.61539
0.01752,0.0,0.64103
0.0459,0.13198,0.64103
0.07428,0.24513,0.64103
0.10266,0.33341,0.64103
0.13104,0.39081,0.64103
0.15942,0.41129,0.64103
0.18367,0.41129,0.64103
0.20793,0.41129,0.64103
0.23219,0.41129,0.64103
0.25645,0.41129,0.64103
0.2807,0.41129,0.64103
0.30496,0.41129,0.64103
0.32922,0.41129,0.64103
0.35347,0.41129,0.64103
0.37773,0.41129,0.64103
0.40212,0.41063,0.64103
0.42652,0.40865,0.64103
0.45091,0.40537,0.64103
0.4753,0.40076,0.64103
0.49969,0.39484,0.64103
0.52408,0.3876,0.64103
0.54848,0.37905,0.64103
0.57287,0.36918,0.64103
0.59726,0.35798,0.64103
0.62165,0.34549,0.64103
0.64604,0.33166,0.64103
0.67043,0.31653,0.64103
0.69483,0.30008,0.64103
0.71922,0.28231,0.64103
0.74361,0.26322,0.64103
0.768,0.24283,0.64103
0.79239,0.2211,0.64103
0.81679,0.19808,0.64103
0.84118,0.17373,0.64103
0.86557,0.14807,0.64103
0.88996,0.12109,0.64103
0.91435,0.09278,0.64103
0.93874,0.06318,0.64103
0.96314,0.03224,0.64103
0.98753,0.0,0.64103
0.01655,0.0,0.66667
0.04521,0.14516,0.66667
0.07386,0.26973,0.66667
0.10251,0.36699,0.66667
0.13117,0.43026,0.66667
0.15982,0.45286,0.66667
0.18223,0.45286,0.66667
0.20463,0.45286,0.66667
0.22704,0.45286,0.66667
0.24944,0.45286,0.66667
0.27185,0.45286,0.66667
0.29426,0.45286,0.66667
0.31666,0.45286,0.66667
0.33907,0.45286,0.66667
0.36147,0.45286,0.66667
0.38388,0.45286,0.66667
0.40914,0.45206,0.66667
0.43441,0.4497,0.66667
0.45967,0.44578,0.66667
0.48494,0.44028,0.66667
0.51021,0.4332,0.66667
0.53547,0.42455,0.66667
0.56074,0.41432,0.66667
0.586,0.40253,0.66667
0.61127,0.38917,0.66667
0.63653,0.37423,0.66667
0.6618,0.35771,0.66667
0.68706,0.33964,0.66667
0.71233,0.31999,0.66667
0.73759,0.29876,0.66667
0.76286,0.27596,0.66667
0.78812,0.25159,0.66667
0.81339,0.22563,0.66667
0.83866,0.19813,0.66667
0.86392,0.16903,0.66667
0.88919,0.13838,0.66667
0.91445,0.10614,0.66667
0.93972,0.07233,0.66667
0.96498,0.03695,0.66667
0.99025,0.0,0.66667
0.01554,0.0,0.6923
0.04452,0.15988,0.6923
0.0735,0.29605,0.6923
0.10248,0.40173,0.6923
0.13146,0.4701,0.6923
0.16044,0.4944,0.6923
0.18346,0.4944,0.6923
0.20648,0.4944,0.6923
0.2295,0.4944,0.6923
0.25252,0.4944,0.6923
0.27554,0.4944,0.6923
0.29856,0.4944,0.6923
0.32158,0.4944,0.6923
0.3446,0.4944,0.6923
0.36763,0.4944,0.6923
0.39065,0.4944,0.6923
0.41574,0.49356,0.6923
0.44083,0.49097,0.6923
0.46593,0.48669,0.6923
0.49102,0.48068,0.6923
0.51612,0.47295,0.6923
0.54121,0.46351,0.6923
0.56631,0.45236,0.6923
0.5914,0.43948,0.6923
0.6165,0.4249,0.6923
0.64159,0.40858,0.6923
0.66669,0.39054,0.6923
0.69178,0.37081,0.6923
0.71688,0.34936,0.6923
0.74197,0.32617,0.6923
0.76706,0.30128,0.6923
0.79216,0.27466,0.6923
0.81725,0.24634,0.6923
0.84235,0.2163,0.6923
0.86744,0.18454,0.6923
0.89254,0.15107,0.6923
0.91763,0.11588,0.6923
0.94273,0.07897,0.6923
0.96782,0.04034,0.6923
0.99292,0.0,0.6923
0.01449,0.0,0.71794
0.04385,0.17626,0.71794
0.0732,0.32424,0.71794
0.10256,0.4377,0.71794
0.13192,0.51035,0.71794
0.16127,0.53597,0.71794
0.18495,0.53597,0.71794
0.20862,0.53597,0.71794
0.2323,0.53597,0.71794
0.25598,0.53597,0.71794
0.27965,0.53597,0.71794
0.30333,0.53597,0.71794
0.32701,0.53597,0.71794
0.35068,0.53597,0.71794
0.37436,0.53597,0.71794
0.39803,0.53597,0.71794
0.42293,0.53504,0.71794
0.44783,0.53226,0.71794
0.47272,0.5276,0.71794
0.49762,0.52109,0.71794
0.52251,0.51272,0.71794
0.54741,0.50248,0.71794
0.57231,0.49038,0.71794
0.5972,0.47643,0.71794
0.6221,0.46059,0.71794
0.64699,0.44291,0.71794
0.67189,0.42337,0.71794
0.69679,0.40198,0.71794
0.72168,0.37871,0.71794
0.74658,0.35359,0.71794
0.77147,0.32661,0.71794
0.79637,0.29776,0.71794
0.82126,0.26706,0.71794
0.84616,0.23448,0.71794
0.87106,0.20006,0.71794
0.89595,0.16377,0.71794
0.92085,0.12561,0.71794
0.94574,0.08562,0.71794
0.97064,0.04373,0.71794
0.99554,0.0,0.71794
0.01339,0.0,0.7436
0.03821,0.16432,0.7436
0.06303,0.30529,0.7436
0.08785,0.42003,0.7436
0.11267,0.50557,0.7436
0.13749,0.55906,0.7436
0.16231,0.57754,0.7436
0.1894,0.57754,0.7436
0.21648,0.57754,0.7436
0.24356,0.57754,0.7436
0.27064,0.57754,0.7436
0.29772,0.57754,0.7436
0.3248,0.57754,0.7436
0.35188,0.57754,0.7436
0.37896,0.57754,0.7436
0.40604,0.57754,0.7436
0.43071,0.57654,0.7436
0.45538,0.57353,0.7436
0.48005,0.56851,0.7436
0.50472,0.5615,0.7436
0.52939,0.55247,0.7436
0.55406,0.54143,0.7436
0.57873,0.52839,0.7436
0.6034,0.51336,0.7436
0.62807,0.49631,0.7436
0.65274,0.47727,0.7436
0.67741,0.4562,0.7436
0.70208,0.43315,0.7436
0.72675,0.40808,0.7436
0.75142,0.38101,0.7436
0.77609,0.35193,0.7436
0.80075,0.32085,0.7436
0.82542,0.28777,0.7436
0.85009,0.25266,0.7436
0.87476,0.21558,0.7436
0.89943,0.17647,0.7436
0.9241,0.13535,0.7436
0.94877,0.09224,0.7436
0.97344,0.04712,0.7436
0.99811,0.0,0.7436
0.01225,0.0,0.76923
0.03747,0.18177,0.76923
0.06269,0.33448,0.76923
0.08791,0.45634,0.76923
0.11313,0.54557,0.76923
0.13835,0.60043,0.76923
0.16357,0.61911,0.76923
0.18868,0.61911,0.76923
0.21379,0.61911,0.76923
0.2389,0.61911,0.76923
0.26401,0.61911,0.76923
0.28912,0.61911,0.76923
0.31423,0.61911,0.76923
0.33934,0.61911,0.76923
0.36445,0.61911,0.76923
0.38956,0.61911,0.76923
0.41468,0.61911,0.76923
0.44012,0.61852,0.76923
0.46557,0.61676,0.76923
0.49102,0.61383,0.76923
0.51647,0.60969,0.76923
0.54192,0.60434,0.76923
0.56737,0.59772,0.76923
0.59282,0.5898,0.76923
0.61827,0.58054,0.76923
0.64372,0.56987,0.76923
0.66916,0.55768,0.76923
0.69461,0.54391,0.76923
0.72006,0.52839,0.76923
0.74551,0.51101,0.76923
0.77096,0.49154,0.76923
0.79641,0.46972,0.76923
0.82186,0.44521,0.76923
0.84731,0.41755,0.76923
0.87276,0.38601,0.76923
0.8982,0.34961,0.76923
0.92365,0.30656,0.76923
0.9491,0.25348,0.76923
0.97455,0.18172,0.76923
1.0,0.00164,0.76923
0.01106,0.0,0.79487
0.03672,0.20127,0.79487
0.06239,0.36626,0.79487
0.08805,0.49486,0.79487
0.11371,0.58687,0.79487
0.13937,0.6422,0.79487
0.16503,0.66065,0.79487
0.19092,0.66065,0.79487
0.21681,0.66065,0.79487
0.2427,0.66065,0.79487
0.26859,0.66065,0.79487
0.29448,0.66065,0.79487
0.32037,0.66065,0.79487
0.34626,0.66065,0.79487
0.37215,0.66065,0.79487
0.39804,0.66065,0.79487
0.42393,0.66065,0.79487
0.44889,0.6602,0.79487
0.47386,0.65881,0.79487
0.49882,0.65651,0.79487
0.52378,0.65324,0.79487
0.54875,0.64903,0.79487
0.57371,0.64382,0.79487
0.59867,0.63758,0.79487
0.62364,0.63028,0.79487
0.6486,0.62186,0.79487
0.67356,0.61226,0.79487
0.69853,0.60138,0.79487
0.72349,0.58917,0.79487
0.74845,0.57547,0.79487
0.77342,0.56011,0.79487
0.79838,0.54291,0.79487
0.82334,0.52359,0.79487
0.84831,0.5018,0.79487
0.87327,0.47695,0.79487
0.89823,0.44824,0.79487
0.9232,0.41432,0.79487
0.94816,0.37247,0.79487
0.97312,0.31594,0.79487
0.99809,0.17399,0.79487
0.00983,0.0,0.82051
0.03598,0.22306,0.82051
0.06213,0.40101,0.82051
0.08827,0.53586,0.82051
0.11442,0.62964,0.82051
0.14057,0.68441,0.82051
0.16671,0.70222,0.82051
0.19099,0.70222,0.82051
0.21527,0.70222,0.82051
0.23956,0.70222,0.82051
0.26384,0.70222,0.82051
0.28812,0.70222,0.82051
0.3124,0.70222,0.82051
0.33668,0.70222,0.82051
0.36096,0.70222,0.82051
0.38524,0.70222,0.82051
0.40952,0.70222,0.82051
0.4338,0.70222,0.82051
0.45936,0.7017,0.82051
0.48493,0.70015,0.82051
0.51049,0.69756,0.82051
0.53605,0.69387,0.82051
0.56161,0.68912,0.82051
0.58718,0.68325,0.82051
0.61274,0.67621,0.82051
0.6383,0.66796,0.82051
0.66386,0.65842,0.82051
0.68943,0.64752,0.82051
0.71499,0.63517,0.82051
0.74055,0.6212,0.82051
0.76611,0.6055,0.82051
0.79168,0.5878,0.82051
0.81724,0.56785,0.82051
0.8428,0.54523,0.82051
0.86836,0.51941,0.82051
0.89393,0.48949,0.82051
0.91949,0.45402,0.82051
0.94505,0.41022,0.82051
0.97061,0.35091,0.82051
0.99618,0.20172,0.82051
0.00856,0.0,0.84616
0.03523,0.24747,0.84616
0.06191,0.43907,0.84616
0.08858,0.57966,0.84616
0.11525,0.67408,0.84616
0.14193,0.72716,0.84616
0.1686,0.74379,0.84616
0.19367,0.74379,0.84616
0.21873,0.74379,0.84616
0.24379,0.74379,0.84616
0.26885,0.74379,0.84616
0.29392,0.74379,0.84616
0.31898,0.74379,0.84616
0.34405,0.74379,0.84616
0.36911,0.74379,0.84616
0.39417,0.74379,0.84616
0.41923,0.74379,0.84616
0.4443,0.74379,0.84616
0.4693,0.74324,0.84616
0.49429,0.7416,0.84616
0.51929,0.73887,0.84616
0.54429,0.73503,0.84616
0.56929,0.73002,0.84616
0.59429,0.72386,0.84616
0.61929,0.71646,0.84616
0.64429,0.70779,0.84616
0.66928,0.69778,0.84616
0.69428,0.68634,0.84616
0.71928,0.67335,0.84616
0.74428,0.6587,0.84616
0.76928,0.64218,0.84616
0.79428,0.62359,0.84616
0.81927,0.60263,0.84616
0.84427,0.57888,0.84616
0.86927,0.55176,0.84616
0.89427,0.52032,0.84616
0.91927,0.48307,0.84616
0.94427,0.43707,0.84616
0.96927,0.37475,0.84616
0.99426,0.21806,0.84616
0.00724,0.0,0.8718
0.03449,0.27487,0.8718
0.06173,0.48098,0.8718
0.08897,0.62671,0.8718
0.11622,0.72042,0.8718
0.14346,0.7705,0.8718
0.1707,0.78536,0.8718
0.19443,0.78536,0.8718
0.21816,0.78536,0.8718
0.24188,0.78536,0.8718
0.26561,0.78536,0.8718
0.28933,0.78536,0.8718
0.31306,0.78536,0.8718
0.33679,0.78536,0.8718
0.36051,0.78536,0.8718
0.38424,0.78536,0.8718
0.40796,0.78536,0.8718
0.43169,0.78536,0.8718
0.45541,0.78536,0.8718
0.48098,0.78472,0.8718
0.50655,0.78283,0.8718
0.53212,0.77969,0.8718
0.55769,0.77525,0.8718
0.58326,0.7695,0.8718
0.60883,0.76238,0.8718
0.63439,0.75385,0.8718
0.65996,0.74381,0.8718
0.68553,0.73219,0.8718
0.7111,0.71888,0.8718
0.73667,0.70372,0.8718
0.76224,0.68654,0.8718
0.78781,0.66709,0.8718
0.81337,0.64504,0.8718
0.83894,0.61997,0.8718
0.86451,0.59124,0.8718
0.89008,0.55786,0.8718
0.91565,0.51818,0.8718
0.94122,0.46906,0.8718
0.96678,0.40239,0.8718
0.99235,0.23439,0.8718
0.00588,0.0,0.89743
0.03374,0.30572,0.89743
0.06159,0.52728,0.89743
0.08945,0.67747,0.89743
0.1173,0.76898,0.89743
0.14516,0.81455,0.89743
0.17302,0.8269,0.89743
0.19753,0.8269,0.89743
0.22204,0.8269,0.89743
0.24655,0.8269,0.89743
0.27106,0.8269,0.89743
0.29557,0.8269,0.89743
0.32008,0.8269,0.89743
0.3446,0.8269,0.89743
0.36911,0.8269,0.89743
0.39362,0.8269,0.89743
0.41813,0.8269,0.89743
0.44264,0.8269,0.89743
0.46715,0.8269,0.89743
0.49207,0.82627,0.89743
0.51699,0.82429,0.89743
0.54191,0.82101,0.89743
0.56683,0.81637,0.89743
0.59174,0.81034,0.89743
0.61666,0.8029,0.89743
0.64158,0.79396,0.89743
0.6665,0.78347,0.89743
0.69142,0.77132,0.89743
0.71634,0.75739,0.89743
0.74126,0.74154,0.89743
0.76618,0.72356,0.89743
0.79109,0.70324,0.89743
0.81601,0.6802,0.89743
0.84093,0.65396,0.89743
0.86585,0.62391,0.89743
0.89077,0.58901,0.89743
0.91569,0.54751,0.89743
0.9406,0.49613,0.89743
0.96552,0.42642,0.89743
0.99044,0.25073,0.89743
0.00448,0.0,0.92307
0.03299,0.3406,0.92307
0.0615,0.57879,0.92307
0.09001,0.73259,0.92307
0.11852,0.82012,0.92307
0.14703,0.85939,0.92307
0.17554,0.86847,0.92307
0.19892,0.86847,0.92307
0.22231,0.86847,0.92307
0.24569,0.86847,0.92307
0.26907,0.86847,0.92307
0.29245,0.86847,0.92307
0.31584,0.86847,0.92307
0.33922,0.86847,0.92307
0.3626,0.86847,0.92307
0.38598,0.86847,0.92307
0.40937,0.86847,0.92307
0.43275,0.86847,0.92307
0.45613,0.86847,0.92307
0.47951,0.86847,0.92307
0.50496,0.86772,0.92307
0.53041,0.86547,0.92307
0.55586,0.86167,0.92307
0.58132,0.85632,0.92307
0.60677,0.84938,0.92307
0.63222,0.84078,0.92307
0.65767,0.83043,0.92307
0.68312,0.81826,0.92307
0.70857,0.80413,0.92307
0.73402,0.7879,0.92307
0.75947,0.76934,0.92307
0.78492,0.74818,0.92307
0.81037,0.72409,0.92307
0.83582,0.69656,0.92307
0.86128,0.66486,0.92307
0.88673,0.62791,0.92307
0.91218,0.58389,0.92307
0.93763,0.52921,0.92307
0.96308,0.45486,0.92307
0.98853,0.26706,0.92307
0.00303,0.0,0.94873
0.02806,0.33411,0.94873
0.0531,0.57444,0.94873
0.07814,0.73644,0.94873
0.10317,0.83555,0.94873
0.12821,0.88724,0.94873
0.15324,0.9069,0.94873
0.17828,0.91004,0.94873
0.20446,0.91004,0.94873
0.23065,0.91004,0.94873
0.25683,0.91004,0.94873
0.28302,0.91004,0.94873
0.3092,0.91004,0.94873
0.33539,0.91004,0.94873
0.36157,0.91004,0.94873
0.38775,0.91004,0.94873
0.41394,0.91004,0.94873
0.44012,0.91004,0.94873
0.46631,0.91004,0.94873
0.49249,0.91004,0.94873
0.5172,0.90924,0.94873
0.54191,0.9069,0.94873
0.56661,0.90294,0.94873
0.59132,0.89737,0.94873
0.61602,0.89013,0.94873
0.64073,0.88117,0.94873
0.66544,0.8704,0.94873
0.69014,0.85773,0.94873
0.71485,0.84301,0.94873
0.73956,0.82608,0.94873
0.76426,0.80674,0.94873
0.78897,0.78472,0.94873
0.81367,0.7596,0.94873
0.83838,0.73091,0.94873
0.86309,0.69787,0.94873
0.88779,0.65938,0.94873
0.9125,0.61351,0.94873
0.93721,0.55654,0.94873
0.96191,0.47907,0.94873
0.98662,0.2834,0.94873
0.00154,0.0,0.97436
0.02721,0.37477,0.97436
0.05288,0.63597,0.97436
0.07855,0.80395,0.97436
0.10422,0.89912,0.97436
0.12989,0.94187,0.97436
0.15556,0.95256,0.97436
0.18123,0.95161,0.97436
0.20622,0.95161,0.97436
0.23121,0.95161,0.97436
0.2562,0.95161,0.97436
0.28119,0.95161,0.97436
0.30618,0.95161,0.97436
0.33117,0.95161,0.97436
0.35616,0.95161,0.97436
0.38115,0.95161,0.97436
0.40614,0.95161,0.97436
0.43113,0.95161,0.97436
0.45611,0.95161,0.97436
0.48111,0.95161,0.97436
0.50609,0.95161,0.97436
0.53129,0.9507,0.97436
0.55647,0.94797,0.97436
0.58167,0.94342,0.97436
0.60686,0.93698,0.97436
0.63204,0.92863,0.97436
0.65724,0.91823,0.97436
0.68242,0.90574,0.97436
0.70762,0.89099,0.97436
0.7328,0.87382,0.97436
0.758,0.854,0.97436
0.78319,0.83125,0.97436
0.80838,0.80513,0.97436
0.83357,0.77514,0.97436
0.85876,0.74044,0.97436
0.88395,0.69985,0.97436
0.90914,0.6513,0.97436
0.93433,0.59087,0.97436
0.95952,0.50844,0.97436
0.98471,0.29976,0.97436
0.0,0.0,1.0
0.02634,0.42173,1.0
0.05268,0.70622,1.0
0.07902,0.87985,1.0
0.10536,0.96897,1.0
0.13171,1.0,1.0
0.15805,0.99927,1.0
0.18439,0.99315,1.0
0.20838,0.99315,1.0
0.23238,0.99315,1.0
0.25637,0.99315,1.0
0.28037,0.99315,1.0
0.30436,0.99315,1.0
0.32836,0.99315,1.0
0.35235,0.99315,1.0
0.37635,0.99315,1.0
0.40034,0.99315,1.0
0.42434,0.99315,1.0
0.44833,0.99315,1.0
0.47233,0.99315,1.0
0.49632,0.99315,1.0
0.52032,0.99315,1.0
0.54601,0.99211,1.0
0.5717,0.98897,1.0
0.5974,0.98369,1.0
0.62309,0.97622,1.0
0.64878,0.96651,1.0
0.67448,0.95443,1.0
0.70017,0.93987,1.0
0.72586,0.92262,1.0
0.75156,0.90244,1.0
0.77725,0.87905,1.0
0.80294,0.85202,1.0
0.82864,0.82074,1.0
0.85433,0.7844,1.0
0.88002,0.74165,1.0
0.90571,0.69034,1.0
0.93141,0.62627,1.0
0.9571,0.53863,1.0
0.98279,0.31609,1.0
