0.06664,0.0,0.0
0.08461,0.0,0.0
0.10258,0.0,0.0
0.12054,0.0,0.0
0.13851,0.0,0.0
0.15648,0.0,0.0
0.17445,0.0,0.0
0.19241,0.0,0.0
0.21038,0.0,0.0
0.22835,0.0,0.0
0.24631,0.0,0.0
0.26428,0.0,0.0
0.28225,0.0,0.0
0.30021,0.0,0.0
0.31818,0.0,0.0
0.33615,0.0,0.0
0.35412,0.0,0.0
0.37208,0.0,0.0
0.39005,0.0,0.0
0.40802,0.0,0.0
0.42598,0.0,0.0
0.44395,0.0,0.0
0.46192,0.0,0.0
0.47989,0.0,0.0
0.49785,0.0,0.0
0.51582,0.0,0.0
0.53379,0.0,0.0
0.55175,0.0,0.0
0.56972,0.0,0.0
0.58769,0.0,0.0
0.60565,0.0,0.0
0.62362,0.0,0.0
0.64159,0.0,0.0
0.65956,0.0,0.0
0.67752,0.0,0.0
0.69549,0.0,0.0
0.71346,0.0,0.0
0.73142,0.0,0.0
0.74939,0.0,0.0
0.76736,0.0,0.0
0.05359,0.0,0.02564
0.07616,0.18312,0.02564
0.09873,0.26526,0.02564
0.1213,0.27663,0.02564
0.14387,0.24739,0.02564
0.16643,0.20771,0.02564
0.189,0.18778,0.02564
0.20914,0.18778,0.02564
0.22928,0.18778,0.02564
0.24943,0.18778,0.02564
0.26957,0.18778,0.02564
0.28971,0.18778,0.02564
0.30985,0.18778,0.02564
0.32999,0.18778,0.02564
0.35013,0.18778,0.02564
0.37027,0.18778,0.02564
0.39042,0.18778,0.02564
0.41056,0.18778,0.02564
0.4307,0.18778,0.02564
0.45084,0.18778,0.02564
0.47098,0.18778,0.02564
0.49112,0.18778,0.02564
0.51126,0.18778,0.02564
0.53141,0.18778,0.02564
0.55155,0.18778,0.02564
0.57204,0.18737,0.02564
0.59253,0.1861,0.02564
0.61303,0.18399,0.02564
0.63352,0.18098,0.02564
0.65402,0.17704,0.02564
0.67451,0.1721,0.02564
0.69501,0.16608,0.02564
0.7155,0.15885,0.02564
0.73599,0.15022,0.02564
0.75649,0.13996,0.02564
0.77698,0.12767,0.02564
0.79748,0.11267,0.02564
0.81797,0.09368,0.02564
0.83846,0.06741,0.02564
0.85896,0.0,0.02564
0.04819,0.0,0.05128
0.07052,0.16382,0.05128
0.09286,0.25241,0.05128
0.11519,0.28603,0.05128
0.13753,0.28496,0.05128
0.15986,0.26945,0.05128
0.1822,0.25978,0.05128
0.20354,0.25978,0.05128
0.22487,0.25978,0.05128
0.24621,0.25978,0.05128
0.26755,0.25978,0.05128
0.28889,0.25978,0.05128
0.31023,0.25978,0.05128
0.33156,0.25978,0.05128
0.3529,0.25978,0.05128
0.37424,0.25978,0.05128
0.39558,0.25978,0.05128
0.41692,0.25978,0.05128
0.43826,0.25978,0.05128
0.45959,0.25978,0.05128
0.48093,0.25978,0.05128
0.50227,0.25978,0.05128
0.52361,0.25978,0.05128
0.54495,0.25978,0.05128
0.56628,0.25978,0.05128
0.58832,0.25921,0.05128
0.61037,0.25746,0.05128
0.63241,0.25454,0.05128
0.65445,0.25038,0.05128
0.67649,0.24492,0.05128
0.69853,0.23809,0.05128
0.72057,0.22976,0.05128
0.74261,0.21975,0.05128
0.76465,0.20782,0.05128
0.7867,0.19363,0.05128
0.80874,0.17662,0.05128
0.83078,0.15587,0.05128
0.85282,0.1296,0.05128
0.87486,0.09326,0.05128
0.8969,0.0,0.05128
0.04404,0.0,0.07692
0.07037,0.17096,0.07692
0.0967,0.26934,0.07692
0.12303,0.31503,0.07692
0.14936,0.32787,0.07692
0.1757,0.32773,0.07692
0.19699,0.32773,0.07692
0.21829,0.32773,0.07692
0.23959,0.32773,0.07692
0.26088,0.32773,0.07692
0.28218,0.32773,0.07692
0.30348,0.32773,0.07692
0.32477,0.32773,0.07692
0.34607,0.32773,0.07692
0.36737,0.32773,0.07692
0.38866,0.32773,0.07692
0.40996,0.32773,0.07692
0.43126,0.32773,0.07692
0.45255,0.32773,0.07692
0.47385,0.32773,0.07692
0.49515,0.32773,0.07692
0.51644,0.32773,0.07692
0.53774,0.32773,0.07692
0.55904,0.32773,0.07692
0.58033,0.32773,0.07692
0.60338,0.32701,0.07692
0.62642,0.32481,0.07692
0.64947,0.32111,0.07692
0.67252,0.31587,0.07692
0.69556,0.30899,0.07692
0.71861,0.30038,0.07692
0.74165,0.28986,0.07692
0.7647,0.27724,0.07692
0.78774,0.26219,0.07692
0.81079,0.24428,0.07692
0.83383,0.22281,0.07692
0.85688,0.19664,0.07692
0.87993,0.1635,0.07692
0.90297,0.11766,0.07692
0.92602,0.0,0.07692
0.04054,0.0,0.10257
0.06633,0.1574,0.10257
0.09212,0.26704,0.10257
0.11791,0.33629,0.10257
0.1437,0.37245,0.10257
0.16949,0.38288,0.10257
0.19182,0.38288,0.10257
0.21415,0.38288,0.10257
0.23647,0.38288,0.10257
0.2588,0.38288,0.10257
0.28113,0.38288,0.10257
0.30345,0.38288,0.10257
0.32578,0.38288,0.10257
0.34811,0.38288,0.10257
0.37043,0.38288,0.10257
0.39276,0.38288,0.10257
0.41508,0.38288,0.10257
0.43741,0.38288,0.10257
0.45974,0.38288,0.10257
0.48206,0.38288,0.10257
0.50439,0.38288,0.10257
0.52672,0.38288,0.10257
0.54904,0.38288,0.10257
0.57137,0.38288,0.10257
0.5937,0.38288,0.10257
0.61749,0.38203,0.10257
0.64128,0.37946,0.10257
0.66507,0.37514,0.10257
0.68886,0.36902,0.10257
0.71265,0.36098,0.10257
0.73644,0.35092,0.10257
0.76023,0.33863,0.10257
0.78402,0.32388,0.10257
0.80781,0.30631,0.10257
0.83161,0.28539,0.10257
0.8554,0.26031,0.10257
0.87919,0.22973,0.10257
0.90298,0.19102,0.10257
0.92677,0.13746,0.10257
0.95056,0.0,0.10257
0.03746,0.0,0.1282
0.06269,0.14427,0.1282
0.08792,0.25934,0.1282
0.11314,0.34356,0.1282
0.13837,0.39531,0.1282
0.16359,0.41292,0.1282
0.1869,0.41292,0.1282
0.2102,0.41292,0.1282
0.23351,0.41292,0.1282
0.25681,0.41292,0.1282
0.28011,0.41292,0.1282
0.30342,0.41292,0.1282
0.32672,0.41292,0.1282
0.35003,0.41292,0.1282
0.37333,0.41292,0.1282
0.39663,0.41292,0.1282
0.41994,0.41292,0.1282
0.44324,0.41292,0.1282
0.46655,0.41292,0.1282
0.48985,0.41292,0.1282
0.51315,0.41292,0.1282
0.53646,0.41292,0.1282
0.55976,0.41292,0.1282
0.58307,0.41292,0.1282
0.60637,0.41292,0.1282
0.63076,0.412,0.1282
0.65514,0.40923,0.1282
0.67953,0.40458,0.1282
0.70392,0.39797,0.1282
0.72831,0.38931,0.1282
0.7527,0.37845,0.1282
0.77708,0.3652,0.1282
0.80147,0.34929,0.1282
0.82586,0.33034,0.1282
0.85025,0.30778,0.1282
0.87463,0.28073,0.1282
0.89902,0.24775,0.1282
0.92341,0.206,0.1282
0.9478,0.14825,0.1282
0.97218,0.0,0.1282
0.03468,0.0,0.15385
0.05934,0.13236,0.15385
0.084,0.25015,0.15385
0.10867,0.34485,0.15385
0.13333,0.40792,0.15385
0.15799,0.43084,0.15385
0.18222,0.43084,0.15385
0.20645,0.43084,0.15385
0.23068,0.43084,0.15385
0.25491,0.43084,0.15385
0.27914,0.43084,0.15385
0.30337,0.43084,0.15385
0.3276,0.43084,0.15385
0.35183,0.43084,0.15385
0.37606,0.43084,0.15385
0.40029,0.43084,0.15385
0.42452,0.43084,0.15385
0.44875,0.43084,0.15385
0.47298,0.43084,0.15385
0.49721,0.43084,0.15385
0.52144,0.43084,0.15385
0.54567,0.43084,0.15385
0.5699,0.43084,0.15385
0.59413,0.43084,0.15385
0.61836,0.43084,0.15385
0.64325,0.42988,0.15385
0.66814,0.42699,0.15385
0.69303,0.42213,0.15385
0.71792,0.41523,0.15385
0.74282,0.40619,0.15385
0.76771,0.39487,0.15385
0.7926,0.38104,0.15385
0.81749,0.36444,0.15385
0.84238,0.34467,0.15385
0.86727,0.32112,0.15385
0.89217,0.29291,0.15385
0.91706,0.2585,0.15385
0.94195,0.21493,0.15385
0.96684,0.15468,0.15385
0.99173,0.0,0.15385
0.03212,0.0,0.17949
0.06226,0.15331,0.17949
0.09241,0.29808,0.17949
0.12255,0.40584,0.17949
0.15269,0.44808,0.17949
0.17654,0.44808,0.17949
0.20039,0.44808,0.17949
0.22424,0.44808,0.17949
0.24809,0.44808,0.17949
0.27194,0.44808,0.17949
0.29578,0.44808,0.17949
0.31963,0.44808,0.17949
0.34348,0.44808,0.17949
0.36733,0.44808,0.17949
0.39118,0.44808,0.17949
0.41502,0.44808,0.17949
0.43887,0.44808,0.17949
0.46272,0.44808,0.17949
0.48657,0.44808,0.17949
0.51042,0.44808,0.17949
0.53426,0.44808,0.17949
0.55811,0.44808,0.17949
0.58196,0.44808,0.17949
0.60581,0.44808,0.17949
0.62966,0.44808,0.17949
0.65435,0.44717,0.17949
0.67903,0.4444,0.17949
0.70373,0.43975,0.17949
0.72841,0.43316,0.17949
0.7531,0.42451,0.17949
0.77779,0.41368,0.17949
0.80248,0.40045,0.17949
0.82717,0.38457,0.17949
0.85186,0.36565,0.17949
0.87655,0.34313,0.17949
0.90124,0.31614,0.17949
0.92593,0.28322,0.17949
0.95062,0.24155,0.17949
0.97531,0.1839,0.17949
1.0,0.03593,0.17949
0.02973,0.0,0.20513
0.05922,0.14498,0.20513
0.08871,0.29691,0.20513
0.11821,0.41671,0.20513
0.1477,0.46533,0.20513
0.17115,0.46533,0.20513
0.19461,0.46533,0.20513
0.21806,0.46533,0.20513
0.24152,0.46533,0.20513
0.26497,0.46533,0.20513
0.28843,0.46533,0.20513
0.31189,0.46533,0.20513
0.33534,0.46533,0.20513
0.3588,0.46533,0.20513
0.38225,0.46533,0.20513
0.40571,0.46533,0.20513
0.42917,0.46533,0.20513
0.45262,0.46533,0.20513
0.47608,0.46533,0.20513
0.49953,0.46533,0.20513
0.52299,0.46533,0.20513
0.54644,0.46533,0.20513
0.5699,0.46533,0.20513
0.59336,0.46533,0.20513
0.61681,0.46533,0.20513
0.64027,0.46533,0.20513
0.66575,0.46432,0.20513
0.69124,0.46128,0.20513
0.71672,0.45616,0.20513
0.74221,0.44888,0.20513
0.76769,0.4393,0.20513
0.79318,0.42724,0.20513
0.81866,0.41245,0.20513
0.84415,0.39455,0.20513
0.86963,0.37297,0.20513
0.89512,0.34688,0.20513
0.9206,0.3148,0.20513
0.94609,0.27395,0.20513
0.97157,0.21714,0.20513
0.99706,0.07067,0.20513
0.02749,0.0,0.23077
0.05637,0.13822,0.23077
0.08525,0.29712,0.23077
0.11412,0.42811,0.23077
0.143,0.48257,0.23077
0.16715,0.48257,0.23077
0.1913,0.48257,0.23077
0.21546,0.48257,0.23077
0.23961,0.48257,0.23077
0.26376,0.48257,0.23077
0.28791,0.48257,0.23077
0.31206,0.48257,0.23077
0.33622,0.48257,0.23077
0.36037,0.48257,0.23077
0.38452,0.48257,0.23077
0.40867,0.48257,0.23077
0.43282,0.48257,0.23077
0.45698,0.48257,0.23077
0.48113,0.48257,0.23077
0.50528,0.48257,0.23077
0.52943,0.48257,0.23077
0.55358,0.48257,0.23077
0.57774,0.48257,0.23077
0.60189,0.48257,0.23077
0.62604,0.48257,0.23077
0.65019,0.48257,0.23077
0.67476,0.48161,0.23077
0.69932,0.47871,0.23077
0.72389,0.47381,0.23077
0.74846,0.46685,0.23077
0.77302,0.4577,0.23077
0.79759,0.44618,0.23077
0.82216,0.43204,0.23077
0.84672,0.41493,0.23077
0.87129,0.39432,0.23077
0.89585,0.36937,0.23077
0.92042,0.33872,0.23077
0.94499,0.29968,0.23077
0.96955,0.2454,0.23077
0.99412,0.1054,0.23077
0.02538,0.0,0.25641
0.05368,0.13279,0.25641
0.08199,0.29853,0.25641
0.1103,0.43996,0.25641
0.1386,0.49982,0.25641
0.16228,0.49982,0.25641
0.18595,0.49982,0.25641
0.20962,0.49982,0.25641
0.2333,0.49982,0.25641
0.25697,0.49982,0.25641
0.28065,0.49982,0.25641
0.30432,0.49982,0.25641
0.32799,0.49982,0.25641
0.35167,0.49982,0.25641
0.37534,0.49982,0.25641
0.39902,0.49982,0.25641
0.42269,0.49982,0.25641
0.44636,0.49982,0.25641
0.47004,0.49982,0.25641
0.49371,0.49982,0.25641
0.51739,0.49982,0.25641
0.54106,0.49982,0.25641
0.56473,0.49982,0.25641
0.58841,0.49982,0.25641
0.61208,0.49982,0.25641
0.63575,0.49982,0.25641
0.65943,0.49982,0.25641
0.68495,0.49876,0.25641
0.71047,0.49554,0.25641
0.73599,0.49012,0.25641
0.7615,0.48237,0.25641
0.78702,0.47215,0.25641
0.81254,0.45922,0.25641
0.83806,0.44323,0.25641
0.86358,0.42365,0.25641
0.8891,0.39968,0.25641
0.91462,0.36997,0.25641
0.94014,0.33182,0.25641
0.96566,0.27848,0.25641
0.99118,0.14013,0.25641
0.02337,0.0,0.28205
0.05116,0.12852,0.28205
0.07894,0.30096,0.28205
0.10672,0.45218,0.28205
0.13451,0.51707,0.28205
0.15875,0.51707,0.28205
0.183,0.51707,0.28205
0.20725,0.51707,0.28205
0.2315,0.51707,0.28205
0.25575,0.51707,0.28205
0.28,0.51707,0.28205
0.30425,0.51707,0.28205
0.3285,0.51707,0.28205
0.35274,0.51707,0.28205
0.37699,0.51707,0.28205
0.40124,0.51707,0.28205
0.42549,0.51707,0.28205
0.44974,0.51707,0.28205
0.47399,0.51707,0.28205
0.49824,0.51707,0.28205
0.52249,0.51707,0.28205
0.54673,0.51707,0.28205
0.57098,0.51707,0.28205
0.59523,0.51707,0.28205
0.61948,0.51707,0.28205
0.64373,0.51707,0.28205
0.66798,0.51707,0.28205
0.69261,0.51605,0.28205
0.71725,0.513,0.28205
0.74188,0.50784,0.28205
0.76652,0.50047,0.28205
0.79115,0.49075,0.28205
0.81579,0.47845,0.28205
0.84042,0.46322,0.28205
0.86506,0.4446,0.28205
0.88969,0.4218,0.28205
0.91433,0.39353,0.28205
0.93896,0.35724,0.28205
0.9636,0.30648,0.28205
0.98824,0.17487,0.28205
0.02233,0.0,0.30769
0.04943,0.12491,0.30769
0.07652,0.30398,0.30769
0.10362,0.46464,0.30769
0.13071,0.53432,0.30769
0.15441,0.53432,0.30769
0.17811,0.53432,0.30769
0.20181,0.53432,0.30769
0.22552,0.53432,0.30769
0.24922,0.53432,0.30769
0.27292,0.53432,0.30769
0.29662,0.53432,0.30769
0.32032,0.53432,0.30769
0.34402,0.53432,0.30769
0.36772,0.53432,0.30769
0.39142,0.53432,0.30769
0.41513,0.53432,0.30769
0.43883,0.53432,0.30769
0.46253,0.53432,0.30769
0.48623,0.53432,0.30769
0.50993,0.53432,0.30769
0.53363,0.53432,0.30769
0.55733,0.53432,0.30769
0.58103,0.53432,0.30769
0.60473,0.53432,0.30769
0.62844,0.53432,0.30769
0.65214,0.53432,0.30769
0.67584,0.53432,0.30769
0.70163,0.53319,0.30769
0.72741,0.52978,0.30769
0.7532,0.524,0.30769
0.77899,0.51574,0.30769
0.80478,0.50479,0.30769
0.83057,0.49082,0.30769
0.85635,0.47335,0.30769
0.88214,0.45163,0.30769
0.90793,0.42438,0.30769
0.93372,0.38909,0.30769
0.95951,0.33938,0.30769
0.98529,0.2096,0.30769
0.02131,0.0,0.33333
0.04778,0.12229,0.33333
0.07426,0.30788,0.33333
0.10074,0.47742,0.33333
0.12722,0.55156,0.33333
0.15138,0.55156,0.33333
0.17555,0.55156,0.33333
0.19971,0.55156,0.33333
0.22388,0.55156,0.33333
0.24804,0.55156,0.33333
0.27221,0.55156,0.33333
0.29637,0.55156,0.33333
0.32054,0.55156,0.33333
0.3447,0.55156,0.33333
0.36887,0.55156,0.33333
0.39303,0.55156,0.33333
0.4172,0.55156,0.33333
0.44136,0.55156,0.33333
0.46553,0.55156,0.33333
0.48969,0.55156,0.33333
0.51386,0.55156,0.33333
0.53802,0.55156,0.33333
0.56219,0.55156,0.33333
0.58635,0.55156,0.33333
0.61052,0.55156,0.33333
0.63468,0.55156,0.33333
0.65885,0.55156,0.33333
0.68301,0.55156,0.33333
0.70796,0.55049,0.33333
0.7329,0.54727,0.33333
0.75785,0.54181,0.33333
0.78279,0.53399,0.33333
0.80774,0.52362,0.33333
0.83268,0.5104,0.33333
0.85763,0.49388,0.33333
0.88257,0.47333,0.33333
0.90752,0.44755,0.33333
0.93246,0.41416,0.33333
0.95741,0.36712,0.33333
0.98235,0.24433,0.33333
0.0203,0.0,0.35898
0.04623,0.12054,0.35898
0.07216,0.31255,0.35898
0.09809,0.49049,0.35898
0.12402,0.56881,0.35898
0.14861,0.56881,0.35898
0.1732,0.56881,0.35898
0.19778,0.56881,0.35898
0.22237,0.56881,0.35898
0.24695,0.56881,0.35898
0.27154,0.56881,0.35898
0.29612,0.56881,0.35898
0.32071,0.56881,0.35898
0.3453,0.56881,0.35898
0.36988,0.56881,0.35898
0.39447,0.56881,0.35898
0.41905,0.56881,0.35898
0.44364,0.56881,0.35898
0.46823,0.56881,0.35898
0.49281,0.56881,0.35898
0.5174,0.56881,0.35898
0.54198,0.56881,0.35898
0.56657,0.56881,0.35898
0.59116,0.56881,0.35898
0.61574,0.56881,0.35898
0.64033,0.56881,0.35898
0.66491,0.56881,0.35898
0.6895,0.56881,0.35898
0.71366,0.56781,0.35898
0.73782,0.56476,0.35898
0.76198,0.55961,0.35898
0.78614,0.55225,0.35898
0.8103,0.54247,0.35898
0.83446,0.52999,0.35898
0.85861,0.51441,0.35898
0.88277,0.49503,0.35898
0.90693,0.47071,0.35898
0.93109,0.43923,0.35898
0.95525,0.39487,0.35898
0.97941,0.27907,0.35898
0.0193,0.0,0.38461
0.04476,0.11956,0.38461
0.07022,0.31791,0.38461
0.09567,0.50382,0.38461
0.12113,0.58606,0.38461
0.14505,0.58606,0.38461
0.16898,0.58606,0.38461
0.1929,0.58606,0.38461
0.21683,0.58606,0.38461
0.24075,0.58606,0.38461
0.26467,0.58606,0.38461
0.2886,0.58606,0.38461
0.31252,0.58606,0.38461
0.33644,0.58606,0.38461
0.36037,0.58606,0.38461
0.38429,0.58606,0.38461
0.40821,0.58606,0.38461
0.43214,0.58606,0.38461
0.45606,0.58606,0.38461
0.47999,0.58606,0.38461
0.50391,0.58606,0.38461
0.52783,0.58606,0.38461
0.55176,0.58606,0.38461
0.57568,0.58606,0.38461
0.5996,0.58606,0.38461
0.62353,0.58606,0.38461
0.64745,0.58606,0.38461
0.67137,0.58606,0.38461
0.6953,0.58606,0.38461
0.72086,0.58493,0.38461
0.74642,0.58153,0.38461
0.77198,0.57574,0.38461
0.79754,0.56742,0.38461
0.8231,0.55631,0.38461
0.84867,0.54199,0.38461
0.87423,0.52382,0.38461
0.89979,0.50066,0.38461
0.92535,0.47034,0.38461
0.95091,0.42723,0.38461
0.97647,0.3138,0.38461
0.01832,0.0,0.41026
0.04338,0.11927,0.41026
0.06843,0.32388,0.41026
0.09349,0.51738,0.41026
0.11854,0.60331,0.41026
0.14278,0.60331,0.41026
0.16703,0.60331,0.41026
0.19127,0.60331,0.41026
0.21552,0.60331,0.41026
0.23976,0.60331,0.41026
0.26401,0.60331,0.41026
0.28825,0.60331,0.41026
0.3125,0.60331,0.41026
0.33674,0.60331,0.41026
0.36099,0.60331,0.41026
0.38523,0.60331,0.41026
0.40947,0.60331,0.41026
0.43372,0.60331,0.41026
0.45796,0.60331,0.41026
0.48221,0.60331,0.41026
0.50645,0.60331,0.41026
0.5307,0.60331,0.41026
0.55494,0.60331,0.41026
0.57919,0.60331,0.41026
0.60343,0.60331,0.41026
0.62768,0.60331,0.41026
0.65192,0.60331,0.41026
0.67616,0.60331,0.41026
0.70041,0.60331,0.41026
0.72524,0.60225,0.41026
0.75007,0.59906,0.41026
0.7749,0.59365,0.41026
0.79973,0.58587,0.41026
0.82456,0.57547,0.41026
0.84938,0.56207,0.41026
0.87421,0.54507,0.41026
0.89904,0.5234,0.41026
0.92387,0.49502,0.41026
0.9487,0.45468,0.41026
0.97353,0.34853,0.41026
0.01736,0.0,0.4359
0.04208,0.11961,0.4359
0.0668,0.33041,0.4359
0.09153,0.53114,0.4359
0.11625,0.62056,0.4359
0.14077,0.62056,0.4359
0.1653,0.62056,0.4359
0.18982,0.62056,0.4359
0.21435,0.62056,0.4359
0.23887,0.62056,0.4359
0.26339,0.62056,0.4359
0.28792,0.62056,0.4359
0.31244,0.62056,0.4359
0.33697,0.62056,0.4359
0.36149,0.62056,0.4359
0.38602,0.62056,0.4359
0.41054,0.62056,0.4359
0.43507,0.62056,0.4359
0.45959,0.62056,0.4359
0.48411,0.62056,0.4359
0.50864,0.62056,0.4359
0.53316,0.62056,0.4359
0.55769,0.62056,0.4359
0.58221,0.62056,0.4359
0.60673,0.62056,0.4359
0.63126,0.62056,0.4359
0.65578,0.62056,0.4359
0.68031,0.62056,0.4359
0.70483,0.62056,0.4359
0.72899,0.61957,0.4359
0.75315,0.6166,0.4359
0.77731,0.61156,0.4359
0.80147,0.60431,0.4359
0.82563,0.59463,0.4359
0.84979,0.58215,0.4359
0.87395,0.56631,0.4359
0.89811,0.54613,0.4359
0.92227,0.5197,0.4359
0.94643,0.48212,0.4359
0.97059,0.38327,0.4359
0.01641,0.0,0.46154
0.04087,0.12054,0.46154
0.06533,0.33746,0.46154
0.0898,0.54511,0.46154
0.11426,0.6378,0.46154
0.13803,0.6378,0.46154
0.1618,0.6378,0.46154
0.18558,0.6378,0.46154
0.20935,0.6378,0.46154
0.23312,0.6378,0.46154
0.25689,0.6378,0.46154
0.28067,0.6378,0.46154
0.30444,0.6378,0.46154
0.32821,0.6378,0.46154
0.35198,0.6378,0.46154
0.37575,0.6378,0.46154
0.39953,0.6378,0.46154
0.4233,0.6378,0.46154
0.44707,0.6378,0.46154
0.47084,0.6378,0.46154
0.49462,0.6378,0.46154
0.51839,0.6378,0.46154
0.54216,0.6378,0.46154
0.56593,0.6378,0.46154
0.58971,0.6378,0.46154
0.61348,0.6378,0.46154
0.63725,0.6378,0.46154
0.66102,0.6378,0.46154
0.6848,0.6378,0.46154
0.70857,0.6378,0.46154
0.73448,0.6367,0.46154
0.76038,0.63337,0.46154
0.78629,0.62768,0.46154
0.8122,0.61945,0.46154
0.83811,0.60835,0.46154
0.86402,0.59384,0.46154
0.88992,0.57497,0.46154
0.91583,0.54988,0.46154
0.94174,0.51381,0.46154
0.96765,0.418,0.46154
0.01547,0.0,0.48718
0.03975,0.12202,0.48718
0.06402,0.345,0.48718
0.08829,0.55926,0.48718
0.11257,0.65505,0.48718
0.13653,0.65505,0.48718
0.16049,0.65505,0.48718
0.18445,0.65505,0.48718
0.20842,0.65505,0.48718
0.23238,0.65505,0.48718
0.25634,0.65505,0.48718
0.2803,0.65505,0.48718
0.30426,0.65505,0.48718
0.32823,0.65505,0.48718
0.35219,0.65505,0.48718
0.37615,0.65505,0.48718
0.40011,0.65505,0.48718
0.42407,0.65505,0.48718
0.44804,0.65505,0.48718
0.472,0.65505,0.48718
0.49596,0.65505,0.48718
0.51992,0.65505,0.48718
0.54388,0.65505,0.48718
0.56785,0.65505,0.48718
0.59181,0.65505,0.48718
0.61577,0.65505,0.48718
0.63973,0.65505,0.48718
0.66369,0.65505,0.48718
0.68765,0.65505,0.48718
0.71162,0.65505,0.48718
0.73693,0.65404,0.48718
0.76223,0.65097,0.48718
0.78754,0.64574,0.48718
0.81285,0.63816,0.48718
0.83816,0.62795,0.48718
0.86347,0.61458,0.48718
0.88878,0.59722,0.48718
0.91409,0.57413,0.48718
0.9394,0.54092,0.48718
0.96471,0.45273,0.48718
0.01455,0.0,0.51282
0.03871,0.12402,0.51282
0.06287,0.35301,0.51282
0.08702,0.57358,0.51282
0.11118,0.6723,0.51282
0.13529,0.6723,0.51282
0.1594,0.6723,0.51282
0.18352,0.6723,0.51282
0.20763,0.6723,0.51282
0.23174,0.6723,0.51282
0.25585,0.6723,0.51282
0.27996,0.6723,0.51282
0.30408,0.6723,0.51282
0.32819,0.6723,0.51282
0.3523,0.6723,0.51282
0.37641,0.6723,0.51282
0.40052,0.6723,0.51282
0.42464,0.6723,0.51282
0.44875,0.6723,0.51282
0.47286,0.6723,0.51282
0.49697,0.6723,0.51282
0.52108,0.6723,0.51282
0.54519,0.6723,0.51282
0.56931,0.6723,0.51282
0.59342,0.6723,0.51282
0.61753,0.6723,0.51282
0.64164,0.6723,0.51282
0.66575,0.6723,0.51282
0.68987,0.6723,0.51282
0.71398,0.6723,0.51282
0.73876,0.67137,0.51282
0.76354,0.66857,0.51282
0.78831,0.66378,0.51282
0.81309,0.65687,0.51282
0.83787,0.64754,0.51282
0.86265,0.63533,0.51282
0.88743,0.61946,0.51282
0.91221,0.59837,0.51282
0.93699,0.56803,0.51282
0.96177,0.48747,0.51282
0.01365,0.0,0.53846
0.03776,0.12653,0.53846
0.06187,0.36147,0.53846
0.08598,0.58807,0.53846
0.11009,0.68955,0.53846
0.13431,0.68955,0.53846
0.15854,0.68955,0.53846
0.18276,0.68955,0.53846
0.20698,0.68955,0.53846
0.2312,0.68955,0.53846
0.25543,0.68955,0.53846
0.27965,0.68955,0.53846
0.30387,0.68955,0.53846
0.32809,0.68955,0.53846
0.35232,0.68955,0.53846
0.37654,0.68955,0.53846
0.40076,0.68955,0.53846
0.42498,0.68955,0.53846
0.44921,0.68955,0.53846
0.47343,0.68955,0.53846
0.49765,0.68955,0.53846
0.52187,0.68955,0.53846
0.54609,0.68955,0.53846
0.57032,0.68955,0.53846
0.59454,0.68955,0.53846
0.61876,0.68955,0.53846
0.64298,0.68955,0.53846
0.66721,0.68955,0.53846
0.69143,0.68955,0.53846
0.71565,0.68955,0.53846
0.73997,0.68871,0.53846
0.76429,0.68617,0.53846
0.7886,0.68184,0.53846
0.81292,0.67557,0.53846
0.83724,0.66712,0.53846
0.86156,0.65608,0.53846
0.88587,0.64171,0.53846
0.91019,0.62261,0.53846
0.93451,0.59515,0.53846
0.95882,0.5222,0.53846
0.01276,0.0,0.5641
0.0369,0.12955,0.5641
0.06103,0.37039,0.5641
0.08517,0.60272,0.5641
0.10931,0.70679,0.5641
0.1336,0.70679,0.5641
0.15789,0.70679,0.5641
0.18219,0.70679,0.5641
0.20648,0.70679,0.5641
0.23077,0.70679,0.5641
0.25507,0.70679,0.5641
0.27936,0.70679,0.5641
0.30365,0.70679,0.5641
0.32794,0.70679,0.5641
0.35224,0.70679,0.5641
0.37653,0.70679,0.5641
0.40082,0.70679,0.5641
0.42512,0.70679,0.5641
0.44941,0.70679,0.5641
0.4737,0.70679,0.5641
0.498,0.70679,0.5641
0.52229,0.70679,0.5641
0.54658,0.70679,0.5641
0.57088,0.70679,0.5641
0.59517,0.70679,0.5641
0.61946,0.70679,0.5641
0.64376,0.70679,0.5641
0.66805,0.70679,0.5641
0.69234,0.70679,0.5641
0.71664,0.70679,0.5641
0.74056,0.70604,0.5641
0.76449,0.70377,0.5641
0.78841,0.69989,0.5641
0.81234,0.69428,0.5641
0.83626,0.68672,0.5641
0.86019,0.67683,0.5641
0.88411,0.66396,0.5641
0.90803,0.64685,0.5641
0.93196,0.62226,0.5641
0.95588,0.55693,0.5641
0.01189,0.0,0.58974
0.03612,0.13308,0.58974
0.06036,0.37975,0.58974
0.08459,0.61756,0.58974
0.10882,0.72404,0.58974
0.13315,0.72404,0.58974
0.15747,0.72404,0.58974
0.18179,0.72404,0.58974
0.20612,0.72404,0.58974
0.23044,0.72404,0.58974
0.25477,0.72404,0.58974
0.27909,0.72404,0.58974
0.30342,0.72404,0.58974
0.32774,0.72404,0.58974
0.35207,0.72404,0.58974
0.37639,0.72404,0.58974
0.40072,0.72404,0.58974
0.42504,0.72404,0.58974
0.44936,0.72404,0.58974
0.47369,0.72404,0.58974
0.49801,0.72404,0.58974
0.52234,0.72404,0.58974
0.54666,0.72404,0.58974
0.57099,0.72404,0.58974
0.59531,0.72404,0.58974
0.61964,0.72404,0.58974
0.64396,0.72404,0.58974
0.66829,0.72404,0.58974
0.69261,0.72404,0.58974
0.71693,0.72404,0.58974
0.74054,0.72338,0.58974
0.76414,0.72136,0.58974
0.78774,0.71795,0.58974
0.81134,0.71299,0.58974
0.83494,0.70631,0.58974
0.85854,0.69757,0.58974
0.88214,0.6862,0.58974
0.90574,0.67109,0.58974
0.92934,0.64937,0.58974
0.95294,0.59167,0.58974
0.01103,0.0,0.61539
0.03543,0.13714,0.61539
0.05983,0.38959,0.61539
0.08423,0.63256,0.61539
0.10864,0.74129,0.61539
0.13202,0.74129,0.61539
0.1554,0.74129,0.61539
0.17878,0.74129,0.61539
0.20216,0.74129,0.61539
0.22554,0.74129,0.61539
0.24892,0.74129,0.61539
0.2723,0.74129,0.61539
0.29568,0.74129,0.61539
0.31907,0.74129,0.61539
0.34245,0.74129,0.61539
0.36583,0.74129,0.61539
0.38921,0.74129,0.61539
0.41259,0.74129,0.61539
0.43597,0.74129,0.61539
0.45935,0.74129,0.61539
0.48273,0.74129,0.61539
0.50611,0.74129,0.61539
0.5295,0.74129,0.61539
0.55288,0.74129,0.61539
0.57626,0.74129,0.61539
0.59964,0.74129,0.61539
0.62302,0.74129,0.61539
0.6464,0.74129,0.61539
0.66978,0.74129,0.61539
0.69316,0.74129,0.61539
0.71654,0.74129,0.61539
0.74248,0.74058,0.61539
0.76842,0.73842,0.61539
0.79436,0.73472,0.61539
0.8203,0.72931,0.61539
0.84624,0.72193,0.61539
0.87218,0.71203,0.61539
0.89812,0.69861,0.61539
0.92406,0.67904,0.61539
0.95,0.6264,0.61539
0.01019,0.0,0.64102
0.03483,0.14175,0.64102
0.05947,0.39992,0.64102
0.08411,0.64775,0.64102
0.10875,0.75854,0.64102
0.13209,0.75854,0.64102
0.15542,0.75854,0.64102
0.17876,0.75854,0.64102
0.20209,0.75854,0.64102
0.22543,0.75854,0.64102
0.24876,0.75854,0.64102
0.2721,0.75854,0.64102
0.29543,0.75854,0.64102
0.31877,0.75854,0.64102
0.3421,0.75854,0.64102
0.36544,0.75854,0.64102
0.38877,0.75854,0.64102
0.41211,0.75854,0.64102
0.43544,0.75854,0.64102
0.45878,0.75854,0.64102
0.48211,0.75854,0.64102
0.50545,0.75854,0.64102
0.52879,0.75854,0.64102
0.55212,0.75854,0.64102
0.57546,0.75854,0.64102
0.59879,0.75854,0.64102
0.62213,0.75854,0.64102
0.64546,0.75854,0.64102
0.6688,0.75854,0.64102
0.69213,0.75854,0.64102
0.71547,0.75854,0.64102
0.7412,0.75794,0.64102
0.76693,0.7561,0.64102
0.79267,0.75296,0.64102
0.8184,0.74839,0.64102
0.84413,0.74212,0.64102
0.86986,0.73373,0.64102
0.8956,0.72236,0.64102
0.92133,0.70576,0.64102
0.94706,0.66113,0.64102
0.00936,0.0,0.66667
0.03431,0.14694,0.66667
0.05927,0.41077,0.66667
0.08422,0.66314,0.66667
0.10917,0.77579,0.66667
0.13242,0.77579,0.66667
0.15567,0.77579,0.66667
0.17892,0.77579,0.66667
0.20217,0.77579,0.66667
0.22542,0.77579,0.66667
0.24868,0.77579,0.66667
0.27193,0.77579,0.66667
0.29518,0.77579,0.66667
0.31843,0.77579,0.66667
0.34168,0.77579,0.66667
0.36493,0.77579,0.66667
0.38818,0.77579,0.66667
0.41143,0.77579,0.66667
0.43469,0.77579,0.66667
0.45794,0.77579,0.66667
0.48119,0.77579,0.66667
0.50444,0.77579,0.66667
0.52769,0.77579,0.66667
0.55094,0.77579,0.66667
0.57419,0.77579,0.66667
0.59745,0.77579,0.66667
0.6207,0.77579,0.66667
0.64395,0.77579,0.66667
0.6672,0.77579,0.66667
0.69045,0.77579,0.66667
0.7137,0.77579,0.66667
0.73931,0.77526,0.66667
0.76491,0.77368,0.66667
0.79051,0.77096,0.66667
0.81611,0.76701,0.66667
0.84171,0.76159,0.66667
0.86731,0.75433,0.66667
0.89292,0.74448,0.66667
0.91852,0.73013,0.66667
0.94412,0.69152,0.66667
0.00855,0.0,0.69231
0.03389,0.15279,0.69231
0.05922,0.42218,0.69231
0.08455,0.67874,0.69231
0.10988,0.79303,0.69231
0.13301,0.79303,0.69231
0.15614,0.79303,0.69231
0.17927,0.79303,0.69231
0.2024,0.79303,0.69231
0.22553,0.79303,0.69231
0.24866,0.79303,0.69231
0.27179,0.79303,0.69231
0.29492,0.79303,0.69231
0.31805,0.79303,0.69231
0.34118,0.79303,0.69231
0.36431,0.79303,0.69231
0.38744,0.79303,0.69231
0.41057,0.79303,0.69231
0.4337,0.79303,0.69231
0.45683,0.79303,0.69231
0.47996,0.79303,0.69231
0.50309,0.79303,0.69231
0.52621,0.79303,0.69231
0.54934,0.79303,0.69231
0.57247,0.79303,0.69231
0.5956,0.79303,0.69231
0.61873,0.79303,0.69231
0.64186,0.79303,0.69231
0.66499,0.79303,0.69231
0.68812,0.79303,0.69231
0.71125,0.79303,0.69231
0.7368,0.79253,0.69231
0.76235,0.79102,0.69231
0.78789,0.78843,0.69231
0.81344,0.78464,0.69231
0.83899,0.77946,0.69231
0.86454,0.77253,0.69231
0.89008,0.76313,0.69231
0.91563,0.74941,0.69231
0.94118,0.71253,0.69231
0.00776,0.0,0.71795
0.03354,0.15932,0.71795
0.05933,0.43422,0.71795
0.08512,0.69458,0.71795
0.1109,0.81028,0.71795
0.13387,0.81028,0.71795
0.15684,0.81028,0.71795
0.17981,0.81028,0.71795
0.20278,0.81028,0.71795
0.22575,0.81028,0.71795
0.24872,0.81028,0.71795
0.27169,0.81028,0.71795
0.29466,0.81028,0.71795
0.31763,0.81028,0.71795
0.3406,0.81028,0.71795
0.36357,0.81028,0.71795
0.38654,0.81028,0.71795
0.40951,0.81028,0.71795
0.43248,0.81028,0.71795
0.45545,0.81028,0.71795
0.47842,0.81028,0.71795
0.50139,0.81028,0.71795
0.52435,0.81028,0.71795
0.54732,0.81028,0.71795
0.57029,0.81028,0.71795
0.59326,0.81028,0.71795
0.61623,0.81028,0.71795
0.6392,0.81028,0.71795
0.66217,0.81028,0.71795
0.68514,0.81028,0.71795
0.70811,0.81028,0.71795
0.73368,0.80975,0.71795
0.75925,0.80816,0.71795
0.78482,0.80544,0.71795
0.81039,0.80147,0.71795
0.83596,0.79603,0.71795
0.86153,0.78874,0.71795
0.8871,0.77886,0.71795
0.91267,0.76444,0.71795
0.93824,0.7257,0.71795
0.00697,0.0,0.74359
0.03329,0.16664,0.74359
0.0596,0.44696,0.74359
0.08591,0.71067,0.74359
0.11222,0.82752,0.74359
0.13499,0.82752,0.74359
0.15776,0.82752,0.74359
0.18054,0.82752,0.74359
0.20331,0.82752,0.74359
0.22608,0.82752,0.74359
0.24885,0.82752,0.74359
0.27162,0.82752,0.74359
0.29439,0.82752,0.74359
0.31717,0.82752,0.74359
0.33994,0.82752,0.74359
0.36271,0.82752,0.74359
0.38548,0.82752,0.74359
0.40825,0.82752,0.74359
0.43102,0.82752,0.74359
0.4538,0.82752,0.74359
0.47657,0.82752,0.74359
0.49934,0.82752,0.74359
0.52211,0.82752,0.74359
0.54488,0.82752,0.74359
0.56765,0.82752,0.74359
0.59043,0.82752,0.74359
0.6132,0.82752,0.74359
0.63597,0.82752,0.74359
0.65874,0.82752,0.74359
0.68151,0.82752,0.74359
0.70428,0.82752,0.74359
0.72995,0.82694,0.74359
0.75562,0.82513,0.74359
0.78129,0.82205,0.74359
0.80696,0.81755,0.74359
0.83262,0.8114,0.74359
0.85829,0.80316,0.74359
0.88396,0.79198,0.74359
0.90963,0.77567,0.74359
0.9353,0.73182,0.74359
0.00621,0.0,0.76923
0.03312,0.17484,0.76923
0.06002,0.46048,0.76923
0.08693,0.72706,0.76923
0.11384,0.84478,0.76923
0.13728,0.84478,0.76923
0.16071,0.84478,0.76923
0.18415,0.84478,0.76923
0.20759,0.84478,0.76923
0.23103,0.84478,0.76923
0.25446,0.84478,0.76923
0.2779,0.84478,0.76923
0.30134,0.84478,0.76923
0.32477,0.84478,0.76923
0.34821,0.84478,0.76923
0.37165,0.84478,0.76923
0.39509,0.84478,0.76923
0.41852,0.84478,0.76923
0.44196,0.84478,0.76923
0.4654,0.84478,0.76923
0.48883,0.84478,0.76923
0.51227,0.84478,0.76923
0.53571,0.84478,0.76923
0.55915,0.84478,0.76923
0.58258,0.84478,0.76923
0.60602,0.84478,0.76923
0.62946,0.84478,0.76923
0.6529,0.84478,0.76923
0.67633,0.84478,0.76923
0.69977,0.84478,0.76923
0.72303,0.84421,0.76923
0.74629,0.84248,0.76923
0.76955,0.83955,0.76923
0.7928,0.83529,0.76923
0.81606,0.82956,0.76923
0.83932,0.82207,0.76923
0.86258,0.81232,0.76923
0.88584,0.79936,0.76923
0.9091,0.78072,0.76923
0.93236,0.73124,0.76923
0.00546,0.0,0.79487
0.03303,0.18405,0.79487
0.06061,0.47488,0.79487
0.08818,0.74378,0.79487
0.11576,0.86202,0.79487
0.13891,0.86202,0.79487
0.16207,0.86202,0.79487
0.18522,0.86202,0.79487
0.20837,0.86202,0.79487
0.23152,0.86202,0.79487
0.25467,0.86202,0.79487
0.27783,0.86202,0.79487
0.30098,0.86202,0.79487
0.32413,0.86202,0.79487
0.34728,0.86202,0.79487
0.37044,0.86202,0.79487
0.39359,0.86202,0.79487
0.41674,0.86202,0.79487
0.43989,0.86202,0.79487
0.46304,0.86202,0.79487
0.4862,0.86202,0.79487
0.50935,0.86202,0.79487
0.5325,0.86202,0.79487
0.55565,0.86202,0.79487
0.57881,0.86202,0.79487
0.60196,0.86202,0.79487
0.62511,0.86202,0.79487
0.64826,0.86202,0.79487
0.67141,0.86202,0.79487
0.69457,0.86202,0.79487
0.71805,0.86133,0.79487
0.74154,0.85923,0.79487
0.76502,0.85566,0.79487
0.78851,0.85049,0.79487
0.81199,0.84352,0.79487
0.83548,0.8344,0.79487
0.85896,0.82254,0.79487
0.88245,0.80678,0.79487
0.90593,0.78412,0.79487
0.92941,0.72391,0.79487
0.00472,0.0,0.82051
0.03304,0.19442,0.82051
0.06135,0.49033,0.82051
0.08967,0.7609,0.82051
0.11798,0.87927,0.82051
0.14081,0.87927,0.82051
0.16364,0.87927,0.82051
0.18647,0.87927,0.82051
0.20929,0.87927,0.82051
0.23212,0.87927,0.82051
0.25495,0.87927,0.82051
0.27778,0.87927,0.82051
0.3006,0.87927,0.82051
0.32343,0.87927,0.82051
0.34626,0.87927,0.82051
0.36909,0.87927,0.82051
0.39192,0.87927,0.82051
0.41474,0.87927,0.82051
0.43757,0.87927,0.82051
0.4604,0.87927,0.82051
0.48323,0.87927,0.82051
0.50605,0.87927,0.82051
0.52888,0.87927,0.82051
0.55171,0.87927,0.82051
0.57454,0.87927,0.82051
0.59737,0.87927,0.82051
0.62019,0.87927,0.82051
0.64302,0.87927,0.82051
0.66585,0.87927,0.82051
0.68868,0.87927,0.82051
0.71246,0.87842,0.82051
0.73624,0.87584,0.82051
0.76002,0.87145,0.82051
0.7838,0.86509,0.82051
0.80758,0.85652,0.82051
0.83136,0.84531,0.82051
0.85513,0.83073,0.82051
0.87891,0.81134,0.82051
0.90269,0.78347,0.82051
0.92647,0.70945,0.82051
0.004,0.0,0.84615
0.0273,0.15337,0.84615
0.0506,0.38322,0.84615
0.0739,0.62604,0.84615
0.0972,0.81831,0.84615
0.1205,0.89652,0.84615
0.1439,0.89652,0.84615
0.1673,0.89652,0.84615
0.1907,0.89652,0.84615
0.2141,0.89652,0.84615
0.2375,0.89652,0.84615
0.2609,0.89652,0.84615
0.2843,0.89652,0.84615
0.3077,0.89652,0.84615
0.3311,0.89652,0.84615
0.3545,0.89652,0.84615
0.3779,0.89652,0.84615
0.4013,0.89652,0.84615
0.4247,0.89652,0.84615
0.4481,0.89652,0.84615
0.4715,0.89652,0.84615
0.4949,0.89652,0.84615
0.5183,0.89652,0.84615
0.5417,0.89652,0.84615
0.5651,0.89652,0.84615
0.5885,0.89652,0.84615
0.6119,0.89652,0.84615
0.6353,0.89652,0.84615
0.6587,0.89652,0.84615
0.6821,0.89652,0.84615
0.70624,0.89546,0.84615
0.73039,0.89229,0.84615
0.75453,0.88687,0.84615
0.77867,0.87902,0.84615
0.80282,0.86844,0.84615
0.82696,0.8546,0.84615
0.8511,0.8366,0.84615
0.87525,0.81268,0.84615
0.89939,0.77828,0.84615
0.92353,0.68692,0.84615
0.0033,0.0,0.8718
0.0273,0.16485,0.8718
0.05131,0.40018,0.8718
0.07531,0.64448,0.8718
0.09932,0.83619,0.8718
0.12333,0.91376,0.8718
0.14631,0.91376,0.8718
0.16929,0.91376,0.8718
0.19227,0.91376,0.8718
0.21524,0.91376,0.8718
0.23822,0.91376,0.8718
0.2612,0.91376,0.8718
0.28418,0.91376,0.8718
0.30716,0.91376,0.8718
0.33014,0.91376,0.8718
0.35312,0.91376,0.8718
0.3761,0.91376,0.8718
0.39908,0.91376,0.8718
0.42206,0.91376,0.8718
0.44504,0.91376,0.8718
0.46802,0.91376,0.8718
0.491,0.91376,0.8718
0.51398,0.91376,0.8718
0.53696,0.91376,0.8718
0.55994,0.91376,0.8718
0.58292,0.91376,0.8718
0.6059,0.91376,0.8718
0.62888,0.91376,0.8718
0.65185,0.91376,0.8718
0.67483,0.91376,0.8718
0.69941,0.91247,0.8718
0.72399,0.90853,0.8718
0.74856,0.90182,0.8718
0.77314,0.89212,0.8718
0.79771,0.87904,0.8718
0.82229,0.86192,0.8718
0.84686,0.83967,0.8718
0.87144,0.81009,0.8718
0.89602,0.76754,0.8718
0.92059,0.65457,0.8718
0.00261,0.0,0.89743
0.02738,0.17808,0.89743
0.05214,0.41913,0.89743
0.07691,0.66424,0.89743
0.10168,0.8545,0.89743
0.12645,0.93102,0.89743
0.14897,0.93102,0.89743
0.17149,0.93102,0.89743
0.19401,0.93102,0.89743
0.21652,0.93102,0.89743
0.23904,0.93102,0.89743
0.26156,0.93102,0.89743
0.28408,0.93102,0.89743
0.30659,0.93102,0.89743
0.32911,0.93102,0.89743
0.35163,0.93102,0.89743
0.37415,0.93102,0.89743
0.39667,0.93102,0.89743
0.41918,0.93102,0.89743
0.4417,0.93102,0.89743
0.46422,0.93102,0.89743
0.48674,0.93102,0.89743
0.50926,0.93102,0.89743
0.53177,0.93102,0.89743
0.55429,0.93102,0.89743
0.57681,0.93102,0.89743
0.59933,0.93102,0.89743
0.62185,0.93102,0.89743
0.64436,0.93102,0.89743
0.66688,0.93102,0.89743
0.69196,0.92939,0.89743
0.71703,0.9245,0.89743
0.74211,0.91617,0.89743
0.76719,0.9041,0.89743
0.79227,0.88783,0.89743
0.81734,0.86656,0.89743
0.84242,0.83888,0.89743
0.8675,0.8021,0.89743
0.89257,0.74921,0.89743
0.91765,0.60873,0.89743
0.00193,0.0,0.92308
0.02752,0.19346,0.92308
0.05311,0.44049,0.92308
0.0787,0.6856,0.92308
0.10429,0.87335,0.92308
0.12988,0.94826,0.92308
0.15285,0.94826,0.92308
0.17582,0.94826,0.92308
0.19879,0.94826,0.92308
0.22177,0.94826,0.92308
0.24474,0.94826,0.92308
0.26771,0.94826,0.92308
0.29068,0.94826,0.92308
0.31366,0.94826,0.92308
0.33663,0.94826,0.92308
0.3596,0.94826,0.92308
0.38257,0.94826,0.92308
0.40554,0.94826,0.92308
0.42852,0.94826,0.92308
0.45149,0.94826,0.92308
0.47446,0.94826,0.92308
0.49743,0.94826,0.92308
0.52041,0.94826,0.92308
0.54338,0.94826,0.92308
0.56635,0.94826,0.92308
0.58932,0.94826,0.92308
0.6123,0.94826,0.92308
0.63527,0.94826,0.92308
0.65824,0.94826,0.92308
0.68156,0.94662,0.92308
0.70487,0.94168,0.92308
0.72819,0.9333,0.92308
0.7515,0.92123,0.92308
0.77482,0.90511,0.92308
0.79813,0.88435,0.92308
0.82145,0.85799,0.92308
0.84476,0.82442,0.92308
0.86808,0.78043,0.92308
0.89139,0.7179,0.92308
0.91471,0.55341,0.92308
0.00127,0.0,0.94872
0.02774,0.21151,0.94872
0.0542,0.46484,0.94872
0.08067,0.70897,0.94872
0.10714,0.89287,0.94872
0.1336,0.96551,0.94872
0.15601,0.96551,0.94872
0.17841,0.96551,0.94872
0.20082,0.96551,0.94872
0.22322,0.96551,0.94872
0.24563,0.96551,0.94872
0.26803,0.96551,0.94872
0.29044,0.96551,0.94872
0.31284,0.96551,0.94872
0.33524,0.96551,0.94872
0.35765,0.96551,0.94872
0.38005,0.96551,0.94872
0.40246,0.96551,0.94872
0.42486,0.96551,0.94872
0.44727,0.96551,0.94872
0.46967,0.96551,0.94872
0.49208,0.96551,0.94872
0.51448,0.96551,0.94872
0.53689,0.96551,0.94872
0.55929,0.96551,0.94872
0.5817,0.96551,0.94872
0.6041,0.96551,0.94872
0.62651,0.96551,0.94872
0.64891,0.96551,0.94872
0.67281,0.96357,0.94872
0.6967,0.95771,0.94872
0.7206,0.94779,0.94872
0.7445,0.93351,0.94872
0.76839,0.91443,0.94872
0.79229,0.88985,0.94872
0.81618,0.85865,0.94872
0.84008,0.8189,0.94872
0.86398,0.76684,0.94872
0.88787,0.69281,0.94872
0.91177,0.49808,0.94872
0.00063,0.0,0.97436
0.02346,0.19101,0.97436
0.04629,0.4061,0.97436
0.06913,0.61904,0.97436
0.09196,0.80362,0.97436
0.11479,0.9336,0.97436
0.13763,0.98275,0.97436
0.16041,0.98275,0.97436
0.1832,0.98275,0.97436
0.20598,0.98275,0.97436
0.22877,0.98275,0.97436
0.25155,0.98275,0.97436
0.27434,0.98275,0.97436
0.29712,0.98275,0.97436
0.31991,0.98275,0.97436
0.34269,0.98275,0.97436
0.36548,0.98275,0.97436
0.38826,0.98275,0.97436
0.41105,0.98275,0.97436
0.43383,0.98275,0.97436
0.45662,0.98275,0.97436
0.4794,0.98275,0.97436
0.50219,0.98275,0.97436
0.52497,0.98275,0.97436
0.54776,0.98275,0.97436
0.57054,0.98275,0.97436
0.59333,0.98275,0.97436
0.61611,0.98275,0.97436
0.6389,0.98275,0.97436
0.66344,0.98052,0.97436
0.68798,0.97375,0.97436
0.71251,0.96229,0.97436
0.73705,0.94579,0.97436
0.76159,0.92375,0.97436
0.78613,0.89535,0.97436
0.81067,0.85931,0.97436
0.83521,0.81339,0.97436
0.85975,0.75323,0.97436
0.88429,0.66772,0.97436
0.90883,0.44276,0.97436
0.0,0.0,1.0
0.02366,0.21402,1.0
0.04732,0.43839,1.0
0.07098,0.65114,1.0
0.09464,0.8303,1.0
0.11829,0.95392,1.0
0.14195,1.0,1.0
0.16511,1.0,1.0
0.18826,1.0,1.0
0.21142,1.0,1.0
0.23457,1.0,1.0
0.25773,1.0,1.0
0.28088,1.0,1.0
0.30403,1.0,1.0
0.32719,1.0,1.0
0.35034,1.0,1.0
0.3735,1.0,1.0
0.39665,1.0,1.0
0.41981,1.0,1.0
0.44296,1.0,1.0
0.46611,1.0,1.0
0.48927,1.0,1.0
0.51242,1.0,1.0
0.53558,1.0,1.0
0.55873,1.0,1.0
0.58189,1.0,1.0
0.60504,1.0,1.0
0.62819,1.0,1.0
0.65134,0.99788,1.0
0.67448,0.99144,1.0
0.69762,0.98055,1.0
0.72076,0.96497,1.0
0.7439,0.94429,1.0
0.76704,0.91793,1.0
0.79018,0.88498,1.0
0.81332,0.84401,1.0
0.83646,0.79261,1.0
0.8596,0.72604,1.0
0.88274,0.63224,1.0
0.90589,0.38742,1.0
